2650
2738
2738
2739
2754
2756
2756
2756
2756
2808
2808
2808
2808
2808
2810
2810
2813
2813
2814
2816
2819
2820
2823
2825
2825
2825
2827
2828
2828
2829
2829
2829
2830
2850
2853
2853
2855
2858
2866
2881
2881
2881
2893
2893
2896
2897
2914
2915
2915
2915
2915
2915
2917
2920
2923
2926
2944
2944
2945
2945
2945
2959
2968
2970
2970
2979
2981
2981
2981
2985
2985
2985
2987
3005
3020
3021
3022
3022
3022
3064
3066
3066
3069
3069
3069
3071
3093
3096
3096
3096
3098
3100
3100
3103
3103
3106
3137
3137
3238
3240
3240
3241
3241
3242
3242
3244
3247
3247
3250
3253
3254
3256
3257
3257
3257
3257
3260
3260
3263
3266
3266
3268
3271
3271
3273
3273
3275
3275
3278
3278
3283
3283
3298
3300
3300
3301
3303
3304
3304
3369
3369
3369
3369
3372
3372
3372
3373
3373
3373
3373
3373
3373
3373
3377
3377
3377
3377
3377
3378
3378
3380
3383
3384
3384
3454
3454
3454
3454
3457
3460
3462
3462
3503
3506
3506
3506
3506
3508
3508
3508
3508
3508
3508
3508
3509
3509
3510
3510
3510
3510
3512
3512
3513
3513
3513
3513
3513
3513
3513
3513
3513
3513
3513
3513
3513
3513
3513
3513
3513
3523
3523
3523
3523
3523
3529
3531
3531
3531
3531
3531
3531
3532
3532
3532
3535
3535
3535
3535
3535
3535
3537
3537
3537
3537
3537
3540
3540
3540
3540
3540
3540
3540
3540
3540
3540
3546
3546
3546
3546
3546
3546
3546
3546
3546
3546
3546
3546
3546
3548
3548
3548
3548
3548
3548
3548
3548
3548
3548
3548
3548
3548
3548
3548
3548
3548
3548
3548
3548
3548
3548
3548
3548
3548
3548
3548
3548
3548
3548
3548
3548
3548
3548
3548
3548
3548
3548
3548
3548
3548
3548
3548
3548
3548
3548
3548
3548
3548
3548
3548
3548
3548
3548
3548
3548
3548
3548
3548
3548
3548
3548
3548
3548
3548
3548
3548
3548
3548
3548
3548
3548
3548
3548
3548
3548
3548
3548
3548
3548
3548
3548
3548
3548
3548
3548
3548
3548
3548
3548
3548
3548
3548
3548
3548
3548
3548
3548
3548
3548
3548
3548
3548
3548
3548
3548
3548
3548
3548
3548
3548
3548
3548
3548
3548
3548
3548
3548
3548
3548
3548
3548
3548
3548
3548
3548
3548
3548
3548
3548
3548
3548
3548
3548
3548
3548
3548
3548
3548
3548
3548
3548
3548
3548
3548
3548
3548
3548
3548
3548
3548
3548
3548
3548
3548
3548
3548
3548
3548
3548
3548
3548
3548
3548
3548
3548
3548
3548
3548
3548
3548
3548
3548
3548
3548
3548
3548
3548
3548
3548
3548
3548
3548
3548
3548
3548
3548
3548
3548
3548
3548
3548
3548
3548
3548
3548
3548
3548
3548
3548
3548
3548
3548
3548
3548
3548
3548
3548
3548
3548
3548
3548
3548
3548
3548
3548
3548
3548
3548
3548
3548
3548
3548
3548
3548
3548
3548
3548
3548
3548
