2650
2708
2708
2708
2708
2753
2753
2936
2939
2940
2942
2942
2942
2942
2943
2943
2943
2944
2944
2944
2944
2944
2946
3001
3001
3001
3004
3007
3007
3007
3009
3009
3009
3009
3009
3009
3009
3010
3010
3010
3010
3010
3013
3013
3013
3013
3013
3013
3013
3014
3016
3019
3019
3019
3019
3019
3114
3115
3115
3118
3119
3121
3121
3122
3122
3122
3122
3124
3124
3125
3125
3126
3126
3126
3128
3131
3131
3132
3132
3132
3134
3134
3134
3137
3137
3137
3137
3137
3137
3140
3140
3140
3140
3140
3165
3165
3165
3173
3174
3174
3175
3175
3298
3301
3304
3304
3304
3307
3308
3308
3308
3308
3309
3309
3354
3354
3354
3354
3354
3354
3354
3356
3359
3361
3362
3364
3364
3364
3365
3367
3367
3369
3369
3370
3370
3370
3370
3370
3370
3370
3373
3373
3373
3373
3373
3373
3404
3404
3406
3527
3527
3527
3529
3531
3531
3533
3535
3535
3537
3537
3537
3539
3539
3540
3542
3542
3545
3547
3547
3547
3549
3549
3552
3552
3553
3553
3554
3554
3554
3554
3557
3557
3558
3558
3558
3558
3558
3558
3558
3558
3558
3558
3558
3563
3563
3563
3566
3566
3566
3566
3566
3566
3566
3567
3567
3567
3567
3567
3567
3567
3567
3567
3567
3567
3567
3567
3567
3567
3567
3567
3567
3567
3567
3567
3567
3567
3567
3567
3567
3567
3567
3567
3567
3567
3567
3567
3567
3567
3567
3567
3567
3567
3567
3567
3567
3567
3567
3567
3567
3567
3567
3567
3567
3567
3567
3567
3567
3567
3567
3567
3567
3567
3567
3567
3567
3567
3567
3567
3567
3567
3567
3567
3567
3567
3567
3567
3567
3567
3567
3567
3567
3567
3567
3567
3567
3567
3567
3567
3567
3567
3567
3567
3567
3567
3567
3567
3567
3567
3567
3567
3567
3567
3567
3567
3567
3567
3567
3567
3567
3567
3567
3567
3567
3567
3567
3567
3567
3567
3567
3567
3567
3567
3567
3567
3567
3567
3567
3567
3567
3567
3567
3567
3567
3567
3567
3567
3567
3567
3567
3567
3567
3567
3567
3567
3567
3567
3567
3567
3567
3567
3567
3567
3567
3567
3567
3567
3567
3567
3567
3567
3567
3567
3567
3567
3567
3567
3567
3567
3567
3567
3567
3567
3567
3567
3567
3567
3567
3567
3567
3567
3567
3567
3567
3567
3567
3567
3567
3567
3567
3567
3567
3567
3567
3567
3567
3567
3567
3567
3567
3567
3567
3567
3567
3567
3567
3567
3567
3567
3567
3567
3567
3567
3567
3567
3567
3567
3567
3567
3567
3567
3567
3567
3567
3567
3567
3567
3567
3567
3567
3567
3567
3567
3567
3567
3567
3567
3567
3567
3567
3567
3567
3567
3567
3567
3567
3567
3567
3567
3567
3567
3567
3567
3567
3567
3567
3567
3567
3567
3567
3567
3567
3567
3567
3567
3567
3567
3567
3567
