2650
2651
2711
2714
2714
2717
2735
2770
2770
2773
2773
2783
2783
2783
2783
2785
2785
2785
2787
2787
2787
2787
2787
2787
2820
2821
2821
2833
2833
2841
2841
2853
2853
2854
2855
2855
2855
2855
2876
2876
2887
2907
2907
2907
2916
2917
2918
2918
2918
2919
2919
2921
2949
2952
2952
2955
2957
2973
2973
2973
2973
2973
3084
3084
3085
3085
3085
3085
3087
3087
3087
3090
3091
3091
3092
3092
3092
3094
3094
3094
3094
3094
3309
3309
3310
3310
3310
3313
3316
3318
3320
3323
3323
3326
3327
3327
3327
3327
3327
3327
3327
3327
3328
3330
3333
3333
3336
3336
3336
3367
3367
3370
3370
3370
3370
3370
3370
3371
3372
3374
3374
3377
3385
3385
3388
3389
3389
3389
3389
3391
3391
3391
3391
3391
3391
3391
3394
3395
3395
3398
3401
3401
3401
3401
3401
3402
3402
3402
3402
3404
3404
3407
3407
3410
3412
3412
3412
3414
3414
3417
3417
3438
3440
3441
3443
3443
3446
3459
3461
3461
3461
3461
3463
3463
3463
3480
3481
3484
3487
3487
3487
3488
3488
3491
3491
3586
3586
3587
3587
3589
3589
3589
3590
3591
3591
3591
3591
3591
3591
3591
3591
3591
3591
3591
3591
3591
3591
3591
3591
3591
3591
3591
3591
3591
3591
3591
3591
3591
3591
3591
3591
3591
3591
3591
3591
3591
3591
3591
3591
3591
3591
3591
3591
3591
3591
3591
3591
3591
3591
3591
3591
3591
3591
3591
3591
3591
3591
3591
3591
3591
3591
3591
3591
3591
3591
3591
3591
3591
3591
3591
3591
3591
3591
3591
3591
3591
3591
3591
3591
3591
3591
3591
3591
3591
3591
3591
3591
3591
3591
3591
3591
3591
3591
3591
3591
3591
3591
3591
3591
3591
3591
3591
3591
3591
3591
3591
3591
3591
3591
3591
3591
3591
3591
3591
3591
3591
3591
3591
3591
3591
3591
3591
3591
3591
3591
3591
3591
3591
3591
3591
3591
3591
3591
3591
3591
3591
3591
3591
3591
3591
3591
3591
3591
3591
3591
3591
3591
3591
3591
3591
3591
3591
3591
3591
3591
3591
3591
3591
3591
3591
3591
3591
3591
3591
3591
3591
3591
3591
3591
3591
3591
3591
3591
3591
3591
3591
3591
3591
3591
3591
3591
3591
3591
3591
3591
3591
3591
3591
3591
3591
3591
3591
3591
3591
3591
3591
3591
3591
3591
3591
3591
3591
3591
3591
3591
3591
3591
3591
3591
3591
3591
3591
3591
3591
3591
3591
3591
3591
3591
3591
3591
3591
3591
3591
3591
3591
3591
3591
3591
3591
3591
3591
3591
3591
3591
3591
3591
3591
3591
3591
3591
3591
3591
3591
3591
3591
3591
3591
3591
3591
3591
3591
3591
3591
3591
3591
3591
3591
3591
3591
3591
3591
3591
3591
3591
3591
3591
3591
3591
3591
3591
3591
3591
3591
3591
3591
3591
3591
3591
3591
3591
3591
3591
3591
3591
3591
3591
3591
3591
3591
3591
3591
3591
3591
3591
3591
3591
3591
3591
