2650
2683
2685
2741
2770
2770
2773
2773
2784
2784
2784
2784
2794
2794
2826
2834
2854
2854
2854
2854
2856
2857
2859
2897
2898
2898
2907
2908
2908
2908
2908
2931
2948
2950
2950
2953
2953
2953
2953
2954
2995
2995
2997
3029
3029
3031
3031
3033
3033
3071
3071
3072
3075
3075
3085
3085
3085
3085
3124
3138
3141
3141
3141
3326
3327
3327
3330
3330
3330
3330
3331
3331
3332
3333
3333
3335
3336
3336
3339
3339
3342
3344
3345
3345
3347
3347
3350
3350
3352
3352
3352
3352
3352
3354
3354
3357
3360
3362
3364
3364
3366
3366
3369
3369
3369
3372
3372
3372
3375
3377
3442
3442
3445
3445
3446
3447
3447
3448
3448
3448
3448
3448
3451
3451
3453
3453
3453
3453
3453
3453
3453
3453
3453
3453
3453
3532
3533
3533
3533
3533
3533
3534
3536
3536
3536
3539
3539
3539
3539
3539
3539
3539
3541
3544
3544
3544
3544
3544
3544
3548
3548
3548
3550
3550
3550
3552
3552
3552
3554
3554
3554
3555
3556
3556
3556
3556
3556
3556
3559
3559
3559
3559
3559
3560
3560
3560
3560
3563
3563
3563
3568
3571
3571
3571
3571
3571
3572
3572
3572
3575
3575
3575
3575
3575
3575
3575
3575
3575
3575
3575
3575
3575
3575
3575
3575
3575
3575
3575
3575
3575
3575
3575
3575
3575
3575
3575
3575
3575
3575
3575
3575
3575
3575
3575
3575
3575
3575
3575
3575
3575
3575
3575
3575
3575
3575
3575
3575
3575
3575
3575
3575
3575
3575
3575
3575
3575
3575
3575
3575
3575
3575
3575
3575
3575
3575
3575
3575
3575
3575
3575
3575
3575
3575
3575
3575
3575
3575
3575
3575
3575
3575
3575
3575
3575
3575
3575
3575
3575
3575
3575
3575
3575
3575
3575
3575
3575
3575
3575
3575
3575
3575
3575
3575
3575
3575
3575
