2650
2669
2721
2721
2722
2723
2723
2723
2744
2746
2746
2747
2754
2754
2754
2754
2770
2770
2771
2773
2773
2775
2778
2798
2798
2800
2802
2802
2804
2958
2958
2959
2959
2961
2963
2963
2963
2963
2963
2966
2969
2969
2969
2972
2972
2972
2972
2972
2974
2976
2977
2980
2983
2983
2985
2987
2987
2987
2987
2987
2990
2990
2990
2993
2995
2996
2996
2996
2996
2998
2998
2998
3001
3002
3002
3005
3005
3007
3061
3062
3062
3062
3062
3062
3096
3098
3098
3098
3098
3098
3098
3100
3100
3101
3102
3104
3104
3104
3107
3107
3108
3108
3108
3108
3111
3111
3112
3115
3115
3117
3118
3121
3124
3127
3128
3128
3128
3128
3128
3128
3128
3128
3130
3130
3130
3224
3224
3224
3225
3225
3225
3225
3225
3227
3230
3230
3230
3230
3230
3230
3230
3230
3230
3230
3230
3230
3230
3232
3232
3232
3232
3233
3233
3233
3236
3236
3236
3237
3255
3255
3255
3256
3257
3257
3257
3257
3257
3257
3257
3257
3257
3257
3257
3257
3257
3257
3261
3261
3263
3263
3263
3264
3264
3266
3266
3268
3268
3268
3270
3270
3270
3314
3316
3316
3316
3316
3316
3316
3318
3318
3321
3322
3322
3323
3323
3323
3323
3323
3323
3323
3323
3335
3335
3338
3341
3344
3345
3347
3347
3347
3347
3347
3347
3347
3419
3420
3420
3420
3424
3424
3427
3427
3427
3427
3427
3427
3429
3430
3430
3432
3435
3436
3437
3437
3437
3439
3439
3442
3442
3445
3448
3448
3451
3451
3454
3454
3454
3455
3455
3455
3455
3455
3455
3457
3457
3457
3460
3461
3461
3461
3462
3462
3462
3462
3462
3462
3465
3466
3468
3468
3468
3468
3468
3468
3471
3471
3471
3471
3472
3472
3472
3474
3474
3479
3479
3481
3481
3484
3484
3484
3484
3487
3488
3488
3489
3489
3489
3489
3490
3493
3493
3493
3493
3494
3497
3501
3501
3501
3501
3501
3501
3501
3501
