2650
2669
2672
2676
2721
2721
2721
2765
2766
2766
2782
2782
2784
2785
2788
2788
2791
2793
2813
2832
2832
2833
2857
2857
2860
2873
2873
2873
2997
2997
2997
2997
2998
3001
3001
3001
3001
3001
3003
3003
3003
3004
3007
3007
3007
3010
3010
3122
3123
3126
3129
3129
3132
3132
3135
3135
3135
3136
3136
3136
3136
3136
3136
3141
3141
3141
3144
3144
3178
3193
3193
3193
3195
3358
3358
3358
3358
3359
3359
3359
3359
3359
3359
3359
3362
3363
3363
3363
3363
3365
3367
3368
3368
3370
3372
3372
3372
3373
3373
3373
3376
3377
3377
3377
3377
3380
3380
3381
3382
3382
3382
3382
3382
3382
3383
3383
3385
3385
3385
3387
3387
3390
3393
3393
3395
3395
3398
3401
3401
3404
3407
3407
3407
3407
3411
3411
3411
3411
3411
3411
3414
3414
3416
3416
3416
3419
3419
3419
3421
3421
3421
3421
3421
3421
3421
3421
3421
3421
3421
3421
3421
3421
3421
3421
3421
3421
3421
3421
3421
3421
3421
3421
3421
3421
3421
3421
3421
3421
3421
3421
3421
3421
3421
3421
3421
3421
3421
3421
3421
3421
3421
3421
3421
3421
3421
3421
3421
3421
3421
3421
3421
3421
3421
3421
3421
3421
3421
3421
3421
3421
3421
3421
3421
3421
3421
3421
3421
3421
3421
3421
3421
3421
3421
3421
3421
3421
3421
3421
3421
3421
3421
3421
3421
3421
3421
3421
3421
3421
3421
3421
3421
3421
3421
3421
3421
3421
3421
3421
3421
3421
3421
3421
3421
3421
3421
3421
3421
3421
3421
3421
3421
3421
3421
3421
3421
3421
3421
3421
3421
3421
3421
3421
3421
3421
3421
3421
3421
3421
3421
3421
3421
3421
3421
3421
3421
3421
3421
3421
3421
3421
3421
3421
3421
3421
3421
3421
3421
3421
3421
3421
3421
3421
3421
3421
3421
3421
3421
3421
3421
3421
3421
3421
3421
3421
3421
3421
3421
3421
3421
3421
3421
3421
3421
3421
3421
3421
