2650
2716
2716
2717
2732
2732
2751
2754
2764
2764
2764
2764
2766
2768
2768
2771
2774
2774
2774
2923
2923
2925
2925
2925
2928
2931
2931
2931
2932
2933
2936
2937
2937
2939
2941
2941
2942
2944
2944
2944
2944
2944
2944
2947
2947
2947
2949
2949
2950
2954
2954
2954
2954
2955
2955
2956
3081
3083
3083
3084
3086
3086
3087
3087
3087
3087
3087
3088
3088
3088
3088
3088
3091
3091
3091
3091
3091
3091
3091
3092
3093
3093
3096
3096
3099
3099
3099
3099
3100
3100
3101
3102
3105
3107
3107
3107
3109
3110
3110
3113
3113
3116
3119
3119
3120
3120
3120
3122
3125
3127
3130
3130
3130
3130
3130
3130
3133
3133
3133
3135
3138
3138
3138
3138
3138
3140
3141
3141
3141
3143
3143
3143
3143
3143
3143
3143
3143
3143
3143
3152
3152
3152
3155
3155
3155
3155
3159
3168
3168
3168
3168
3168
3187
3187
3189
3189
3197
3198
3199
3199
3199
3261
3261
3263
3263
3263
3266
3292
3292
3292
3292
3292
3292
3292
3292
3292
3292
3295
3295
3295
3295
3295
3295
3298
3301
3301
3301
3306
3306
3311
3313
3313
3313
3313
3313
3313
3320
3328
3345
3346
3346
3346
3351
3378
3379
3395
3395
3395
3395
3395
3397
3397
3401
3403
3403
3403
3403
3403
3405
3405
3424
3425
3428
3428
3428
3428
3428
3428
3431
3433
3433
3433
3433
3433
3433
3433
3433
3433
3435
3436
3437
3438
3441
3441
3444
3444
3444
3444
3447
3447
3447
3449
3449
3451
3451
3451
3454
3454
3455
3461
3463
3467
3469
3470
3473
3474
3479
3482
3484
3487
3488
3488
3488
3488
3494
3497
3500
3500
3500
3500
3500
3507
3509
3509
3509
3509
3512
3512
3515
3518
3518
3518
3529
3531
3532
3532
3532
3537
3537
3537
3542
3545
3546
3546
3548
3549
3551
3551
3553
3553
3553
3556
3556
3556
3556
3556
3556
3556
3556
3556
3556
3556
3556
