2650
2728
2728
2753
2754
2754
2754
2769
2771
2814
2816
2816
2816
2818
2818
2818
2818
2839
2862
2863
2866
2871
2873
2876
2887
2915
2915
2916
2916
2949
2951
2954
2955
2955
2955
2956
2959
2959
2961
2961
2961
2961
2980
3032
3103
3115
3116
3116
3117
3119
3119
3119
3122
3122
3122
3123
3123
3123
3123
3123
3191
3192
3192
3192
3193
3195
3198
3201
3290
3290
3290
3293
3293
3294
3344
3344
3345
3345
3345
3345
3348
3348
3348
3348
3350
3353
3356
3356
3356
3359
3360
3360
3449
3449
3452
3452
3454
3455
3458
3458
3458
3458
3458
3458
3460
3463
3463
3463
3465
3465
3466
3466
3467
3469
3472
3472
3473
3473
3473
3473
3475
3476
3476
3517
3517
3517
3517
3517
3517
3544
3544
3544
3544
3548
3548
3549
3552
3552
3552
3552
3552
3552
3552
3556
3557
3557
3557
3557
3557
3557
3557
3560
3562
3562
3562
3562
3562
3562
3562
3562
3562
3562
3573
3573
3575
3575
3576
3576
3576
3576
3581
3584
3587
3587
3587
3587
3587
3587
3587
3587
3587
3599
3600
3600
3600
3600
3600
3600
3600
3600
3600
3600
3600
3600
3600
3600
3600
3600
3600
3600
3600
3600
3600
3600
3600
3600
3600
3600
3600
3600
3600
3600
3600
3600
3600
3600
3600
3600
3600
3600
3600
3600
3600
3600
3600
3600
3600
3600
3600
3600
3600
3600
3600
3600
3600
3600
3600
3600
3600
3600
3600
3600
3600
3600
3600
3600
3600
3600
3600
3600
3600
3600
3600
3600
3600
3600
3600
3600
3600
3600
3600
3600
3600
3600
3600
3600
3600
3600
3600
3600
3600
3600
3600
3600
3600
3600
3600
3600
3600
3600
3600
3600
3600
3600
3600
3600
3600
3600
3600
3600
3600
3600
3600
3600
3600
3600
3600
3600
3600
3600
3600
3600
3600
3600
3600
