2650
2683
2684
2753
2753
2753
2755
2756
2756
2944
2944
2944
2944
2945
2948
2948
3063
3064
3064
3064
3064
3067
3067
3067
3067
3067
3070
3070
3071
3073
3076
3076
3076
3076
3076
3077
3077
3077
3078
3081
3081
3081
3081
3083
3086
3086
3086
3088
3088
3091
3091
3093
3093
3093
3096
3096
3103
3130
3130
3133
3133
3133
3133
3134
3136
3137
3137
3170
3171
3189
3399
3399
3400
3402
3405
3405
3405
3405
3405
3408
3410
3411
3411
3413
3413
3413
3413
3413
3413
3415
3415
3415
3418
3418
3418
3418
3420
3420
3420
3423
3423
3425
3428
3428
3430
3506
3508
3510
3512
3514
3514
3514
3517
3517
3518
3518
3527
3527
3527
3527
3527
3527
3530
3531
3531
3531
3531
3531
3531
3534
3534
3534
3534
3534
3534
3534
3534
3534
3544
3544
3544
3544
3544
3544
3544
3544
3544
3593
3593
3593
3595
3598
3598
3598
3598
3598
3598
3598
3598
3598
3598
3598
3598
3600
3600
3600
3600
3600
3600
3600
3600
3600
3600
3600
3600
3600
3605
3605
3605
3605
3605
3605
3605
3605
3605
3605
3605
3605
3605
3605
3605
3605
3605
3605
3605
3605
3605
3605
3605
3605
3605
3605
3605
3605
3605
3605
3605
3605
3605
3605
3605
3605
3605
3605
3605
3605
3605
3605
3605
3605
3605
3605
3605
3605
3605
3605
3605
3605
3605
3605
3605
3605
3605
3605
3605
3605
3605
3605
3605
3605
3605
3605
3605
3605
3605
3605
3605
3605
3605
3605
3605
3605
3605
3605
3605
3605
3605
3605
3605
3605
3605
3605
3605
3605
3605
3605
3605
3605
3605
3605
3605
3605
3605
3605
3605
3605
3605
3605
3605
3605
3605
3605
3605
3605
3605
3605
3605
3605
3605
3605
3605
3605
3605
3605
3605
3605
3605
3605
3605
3605
3605
3605
3605
3605
3605
3605
3605
3605
