2650
2740
2741
2741
2759
2759
2759
2762
2764
2767
2769
2771
2815
2815
2816
2816
2817
2817
2818
2967
2970
2970
2971
2973
2975
2975
2975
2975
2975
2975
2975
2977
2979
2979
2982
2982
2983
2983
2983
2986
2987
2987
2989
2989
2990
2993
2994
2995
2995
2995
2995
2996
2998
3001
3001
3001
3029
3029
3029
3032
3032
3038
3040
3040
3057
3058
3060
3060
3061
3064
3098
3099
3100
3100
3100
3111
3111
3114
3163
3163
3163
3163
3163
3166
3166
3168
3169
3169
3172
3172
3172
3172
3173
3175
3175
3304
3307
3307
3307
3309
3309
3309
3311
3312
3314
3314
3314
3314
3314
3314
3317
3319
3319
3319
3322
3322
3411
3411
3411
3411
3411
3411
3411
3413
3414
3416
3416
3416
3416
3416
3416
3416
3419
3419
3422
3422
3424
3426
3426
3426
3426
3426
3428
3428
3428
3428
3428
3428
3430
3431
3431
3432
3432
3432
3432
3434
3435
3435
3435
3435
3437
3437
3440
3440
3440
3440
3440
3450
3450
3452
3454
3454
3454
3455
3455
3455
3457
3534
3534
3534
3534
3537
3539
3539
3539
3539
3544
3544
3544
3546
3546
3546
3546
3546
3546
3546
3549
3550
3550
3551
3554
3556
3556
3556
3556
3556
3556
3561
3561
3561
3564
3564
3564
3565
3565
3565
3568
3568
3568
3568
3568
3570
3570
3570
3573
3573
3574
3575
3577
3580
3583
3583
3584
3586
3586
3586
3587
3587
3587
3587
3587
3587
3587
3587
3587
3589
3589
3589
3589
3589
3591
3593
3593
3595
3595
3595
3598
3598
3600
3600
3603
3604
3604
3607
3607
3607
3607
3607
3609
3609
3609
3611
3611
3611
3612
3612
3612
3612
3612
3612
3612
3612
3612
3612
3612
3612
3612
3612
3612
3612
3612
3612
3612
3612
3612
3612
3612
3612
3612
3612
3612
3612
3612
3612
3612
3612
3612
3612
3612
3612
