2650
2694
2694
2720
2720
2720
2720
2720
2741
2741
2850
2850
2850
2851
2853
2853
2853
2853
2854
2854
2899
2899
2899
2902
2902
2904
2905
2906
2907
2907
2907
2908
2908
2910
2913
2913
2913
2915
2915
2915
2915
2915
2915
2916
2916
2918
2918
2920
2921
2921
2922
2923
2923
2923
2923
2923
2923
2923
2923
2923
2924
2924
3017
3019
3021
3021
3022
3022
3022
3022
3024
3024
3024
3024
3024
3026
3027
3030
3033
3053
3056
3056
3056
3056
3056
3056
3056
3056
3056
3056
3059
3059
3059
3061
3063
3066
3126
3126
3126
3128
3128
3128
3128
3128
3128
3128
3128
3128
3128
3131
3131
3134
3134
3134
3134
3134
3134
3134
3134
3136
3136
3136
3136
3137
3137
3138
3139
3142
3142
3142
3142
3142
3142
3142
3149
3149
3149
3149
3149
3152
3152
3152
3152
3152
3152
3152
3154
3154
3164
3164
3167
3168
3168
3168
3171
3171
3182
3182
3182
3182
3182
3182
3196
3214
3214
3214
3214
3227
3227
3227
3227
3312
3315
3315
3315
3315
3317
3317
3317
3321
3321
3321
3322
3322
3322
3322
3322
3322
3322
3323
3325
3325
3325
3325
3325
3325
3325
3325
3325
3325
3325
3325
3344
3346
3348
3348
3348
3349
3349
3349
3349
3363
3363
3363
3367
3367
3369
3369
3369
3369
3371
3373
3373
3376
3376
3376
3376
3376
3376
3379
3379
3380
3383
3390
3390
3390
3393
3393
3395
3398
3406
3406
3406
3410
3414
3414
3420
3420
3423
3426
3429
3432
3432
3432
3433
3435
3435
3437
3437
3437
3437
3453
3455
3455
3457
3457
3457
3460
3464
3464
3465
3467
3472
3472
3472
3472
3472
3483
3484
3488
3489
3489
3493
3494
3494
3495
3496
3502
3502
3504
3504
3504
3507
3510
3510
3510
3510
3513
3513
3516
3516
3516
3516
3517
3517
3520
3520
3520
3520
3520
3520
3520
3520
