2650
2727
2730
2746
2746
2746
2746
2749
2749
2750
2750
2751
2751
2753
2755
2860
2860
2860
2860
2860
2860
2860
2860
2862
2862
2864
2865
2865
2865
2865
2868
2871
2871
2871
2871
2873
2945
2946
2946
2946
2949
2951
2954
2957
2960
2960
2960
2960
2960
2960
2962
2965
2968
2968
2969
2969
2969
2969
2969
2970
2971
2971
2971
3029
3031
3032
3035
3035
3035
3036
3037
3040
3041
3042
3045
3045
3045
3046
3046
3046
3046
3046
3049
3049
3049
3049
3052
3052
3052
3053
3056
3056
3056
3056
3056
3056
3056
3059
3059
3062
3063
3065
3065
3068
3069
3069
3069
3071
3072
3072
3075
3076
3076
3076
3076
3076
3076
3076
3077
3080
3082
3090
3106
3107
3107
3110
3110
3110
3112
3112
3112
3113
3113
3115
3115
3115
3118
3120
3120
3122
3123
3126
3174
3174
3174
3174
3176
3176
3176
3176
3180
3182
3184
3184
3184
3184
3184
3184
3184
3184
3184
3185
3185
3185
3186
3186
3190
3190
3190
3193
3210
3210
3210
3210
3210
3210
3210
3240
3240
3240
3242
3242
3242
3242
3242
3249
3249
3249
3352
3352
3352
3352
3352
3352
3352
3352
3356
3356
3356
3356
3356
3359
3362
3365
3365
3365
3367
3367
3367
3367
3367
3367
3367
3403
3403
3403
3403
3409
3410
3411
3413
3413
3416
3416
3416
3419
3419
3419
3419
3419
3419
3425
3425
3426
3426
3428
3429
3430
3431
3431
3431
3433
3435
3435
3438
3439
3442
3442
3442
3444
3447
3450
3451
3454
3454
3454
3454
3454
3454
3454
3454
3454
3454
3455
3456
3458
3458
3458
3461
3461
3464
3464
3467
3467
3467
3467
3470
3471
3472
3472
3472
3473
3473
3473
3476
3477
3477
3477
3479
3480
3480
3481
3482
3484
3484
3484
3484
3487
3490
3490
3490
3490
3491
3491
3492
3495
3498
3500
3501
3502
3502
3503
3503
3503
3503
3503
3503
3503
3503
3503
3503
3503
3503
3503
3503
3503
3503
3503
