2650
2699
2705
2741
2741
2768
2771
2771
2771
2771
2784
2787
2788
2788
2788
2791
2791
2804
2804
2804
2804
2804
2804
2804
2804
2807
2832
2832
2832
2847
2848
2848
2850
2850
2850
2851
2851
2853
2857
2857
2877
2910
2910
2910
2910
2910
2913
2913
2913
3070
3070
3070
3070
3072
3072
3072
3072
3072
3075
3075
3075
3078
3078
3078
3078
3078
3078
3078
3078
3078
3078
3079
3167
3167
3168
3168
3168
3168
3170
3171
3174
3176
3179
3180
3183
3183
3184
3184
3184
3185
3188
3188
3188
3191
3191
3191
3288
3288
3288
3288
3288
3288
3290
3292
3292
3292
3292
3292
3292
3295
3296
3299
3299
3299
3299
3299
3299
3299
3300
3303
3306
3306
3306
3309
3310
3310
3310
3310
3310
3310
3310
3313
3313
3332
3332
3332
3334
3337
3337
3337
3337
3339
3342
3344
3344
3344
3361
3364
3377
3377
3377
3377
3377
3377
3380
3380
3383
3385
3387
3414
3425
3425
3426
3427
3427
3427
3427
3427
3427
3446
3447
3447
3447
3452
3452
3452
3452
3452
3455
3455
3483
3484
3485
3487
3487
3489
3490
3490
3490
3492
3492
3492
3492
3492
3492
3494
3494
3494
3494
3494
3494
3494
3494
3494
3494
3494
3494
3494
3494
3494
3494
3494
3494
3518
3518
3518
3521
3521
3521
3521
3521
3521
3521
3521
3521
3521
3521
3534
3534
3534
3534
3535
3535
3535
3535
3535
3538
3538
3538
3538
3538
3538
3538
3538
3544
3547
3547
3547
3547
3547
3549
3549
3549
3549
3549
3551
3551
3551
3551
3551
3551
3551
3551
3551
3551
3551
3551
3551
3551
3551
3551
3551
3551
3551
3551
3551
3551
3551
3551
3551
3551
3551
3551
3551
3551
3551
3551
3551
3551
3551
3551
3551
3551
3551
3551
3551
3551
3551
3551
3551
3551
3551
3551
3551
3551
3551
3551
3551
3551
3551
3551
3551
3551
3551
3551
3551
3551
3551
3551
3551
3551
3551
3551
3551
3551
3551
3551
3551
3551
3551
3551
3551
3551
3551
3551
3551
3551
3551
3551
3551
3551
3551
3551
3551
3551
3551
3551
3551
3551
3551
3551
3551
3551
3551
3551
3551
3551
3551
3551
3551
3551
3551
3551
3551
3551
3551
3551
3551
3551
3551
3551
3551
3551
3551
3551
3551
3551
3551
3551
3551
3551
3551
3551
3551
3551
3551
3551
3551
3551
3551
3551
3551
3551
3551
3551
3551
3551
3551
3551
3551
3551
3551
3551
3551
3551
3551
3551
3551
3551
3551
3551
3551
3551
3551
3551
3551
3551
3551
3551
3551
3551
3551
3551
3551
3551
3551
3551
3551
3551
3551
3551
3551
3551
3551
3551
3551
3551
3551
3551
3551
3551
3551
3551
3551
3551
3551
3551
3551
3551
3551
3551
3551
3551
3551
3551
3551
3551
3551
3551
3551
3551
3551
3551
3551
3551
3551
3551
3551
3551
3551
3551
3551
3551
3551
3551
3551
