2650
2738
2741
2741
2742
2744
2744
2747
2768
2768
2768
2770
2782
2782
2785
2785
2786
2788
2837
2837
2837
2839
2839
2920
2920
2923
2924
2925
2925
2925
2925
2925
2927
3088
3088
3088
3090
3090
3090
3090
3090
3090
3091
3137
3140
3143
3146
3148
3148
3148
3172
3173
3175
3175
3175
3193
3193
3193
3193
3195
3195
3197
3200
3200
3200
3203
3203
3203
3205
3205
3205
3213
3213
3216
3216
3217
3217
3269
3272
3272
3275
3277
3277
3277
3277
3285
3314
3317
3317
3317
3320
3320
3320
3321
3321
3322
3326
3327
3330
3330
3330
3330
3355
3355
3356
3356
3358
3358
3359
3359
3359
3359
3362
3362
3363
3366
3369
3371
3372
3373
3376
3376
3376
3376
3377
3378
3378
3380
3380
3381
3381
3384
3384
3386
3386
3386
3386
3386
3387
3390
3392
3393
3395
3397
3397
3397
3397
3397
3397
3397
3397
3397
3403
3403
3404
3404
3404
3404
3404
3404
3404
3404
3404
3404
3409
3409
3409
3409
3409
3409
3409
3409
3409
3409
3409
3409
3409
3409
3409
3409
3409
3409
3409
3409
3409
3409
3409
3409
3409
3409
3409
3409
3409
3409
3409
3409
3409
3409
3409
3409
3409
3409
3409
3409
3409
3409
3409
3409
3409
3409
3409
3409
3409
3409
3409
3409
3409
3409
3409
3409
3409
3409
3409
3409
3409
3409
3409
3409
3409
3409
3409
3409
3409
3409
3409
3409
3409
3409
3409
3409
3409
3409
3409
3409
3409
3409
3409
3409
3409
3409
3409
3409
3409
3409
3409
3409
3409
3409
3409
3409
3409
3409
3409
3409
3409
3409
3409
3409
3409
3409
3409
3409
3409
3409
3409
3409
3409
3409
3409
3409
3409
3409
3409
3409
3409
3409
3409
3409
3409
3409
3409
3409
3409
3409
3409
3409
3409
3409
3409
3409
3409
3409
3409
3409
3409
3409
3409
3409
3409
3409
3409
3409
3409
3409
3409
3409
3409
3409
3409
