2650
2699
2741
2744
2746
2746
2747
2747
2748
2764
2764
2764
2764
2766
2766
2769
2780
2783
2783
2783
2785
2937
2937
2940
2940
2940
2941
2941
2944
2946
2949
2949
2950
2953
2953
2956
2956
2959
2959
2959
2962
2964
2965
2965
2966
2969
2969
2969
2969
2972
2972
2972
2974
2974
2977
2977
2980
2981
3026
3026
3026
3026
3026
3026
3026
3026
3026
3028
3031
3034
3064
3065
3067
3067
3067
3067
3068
3068
3068
3068
3068
3068
3071
3071
3071
3072
3075
3075
3077
3098
3098
3099
3102
3102
3105
3107
3107
3107
3107
3107
3107
3107
3109
3111
3114
3114
3114
3116
3119
3121
3122
3122
3122
3123
3124
3124
3124
3124
3124
3124
3124
3254
3254
3255
3258
3260
3260
3262
3262
3265
3265
3268
3268
3268
3268
3270
3272
3272
3272
3272
3275
3276
3276
3276
3276
3279
3279
3279
3279
3284
3284
3284
3284
3285
3285
3285
3285
3285
3285
3285
3285
3285
3291
3291
3291
3291
3291
3292
3292
3292
3295
3296
3296
3296
3296
3296
3296
3297
3297
3297
3297
3297
3302
3302
3302
3302
3302
3302
3340
3340
3341
3341
3344
3345
3384
3384
3386
3386
3386
3388
3388
3388
3388
3388
3388
3388
3388
3388
3388
3388
3392
3392
3392
3392
3392
3392
3392
3397
3397
3397
3399
3399
3399
3401
3401
3401
3401
3407
3407
3407
3410
3410
3411
3411
3413
3413
3413
3413
3413
3414
3415
3418
3418
3419
3419
3419
3419
3421
3421
3421
3421
3421
3421
3421
3421
3421
3421
3421
3421
3421
3422
3422
3425
3425
3425
3425
3427
3427
3427
3427
3430
3430
3432
3432
3432
3438
3440
3443
3444
3446
3447
3447
3448
3448
3448
3450
3450
3460
3460
3463
3464
3464
3467
3471
3471
3474
3476
3476
3478
3480
3481
3481
3481
3481
3487
3489
3491
3493
3496
3497
3499
3502
3502
3502
3502
3502
3502
3502
3502
3502
3502
3502
3502
3502
3502
3502
3502
3502
3502
