2650
2723
2723
2724
2739
2739
2742
2752
2753
2753
2791
2791
2791
2791
2793
2795
2798
2799
2799
2800
2852
2852
2854
2854
2856
2856
2856
2896
2898
2898
2900
2931
2971
2971
2971
2971
2973
2973
2976
2977
2979
2979
2981
2983
3006
3031
3058
3061
3062
3066
3087
3087
3098
3110
3111
3124
3151
3152
3155
3155
3156
3168
3168
3168
3180
3180
3182
3185
3203
3203
3203
3203
3209
3209
3209
3219
3219
3220
3247
3264
3264
3286
3288
3448
3448
3448
3450
3451
3451
3451
3451
3453
3454
3454
3454
3454
3454
3454
3454
3454
3454
3454
3454
3454
3454
3454
3454
3454
3454
3454
3454
3454
3454
3454
3454
3454
3454
3454
3454
3454
3454
3454
3454
3454
3454
3454
3454
3454
3454
3454
3454
3454
3454
3454
3454
3454
3454
3454
3454
3454
3454
3454
3454
3454
3454
3454
3454
3454
3454
3454
3454
3454
3454
3454
3454
3454
3454
3454
3454
3454
3454
3454
3454
3454
3454
3454
3454
3454
3454
3454
3454
3454
3454
3454
3454
3454
3454
3454
3454
3454
3454
3454
3454
3454
3454
3454
3454
3454
3454
3454
3454
3454
3454
3454
3454
3454
3454
3454
3454
3454
3454
3454
3454
3454
3454
3454
3454
3454
3454
3454
3454
3454
3454
3454
3454
3454
3454
3454
3454
3454
3454
3454
3454
3454
3454
3454
3454
3454
3454
3454
3454
3454
3454
3454
3454
3454
3454
3454
3454
3454
3454
3454
3454
3454
3454
3454
3454
3454
3454
3454
3454
3454
3454
3454
3454
3454
3454
3454
3454
3454
3454
3454
3454
3454
3454
3454
3454
3454
3454
3454
3454
3454
3454
3454
3454
3454
3454
3454
3454
3454
3454
3454
3454
3454
3454
3454
3454
3454
3454
3454
3454
3454
3454
3454
3454
3454
3454
3454
3454
3454
3454
3454
3454
3454
3454
3454
3454
3454
3454
3454
3454
3454
3454
3454
3454
3454
3454
3454
3454
3454
3454
3454
