2650
2750
2759
2759
2760
2760
2791
2794
2796
2796
2797
2798
2800
2800
2803
2806
2837
2837
2837
2837
2837
2838
2839
2873
2873
2875
2875
2879
2880
2881
2881
2908
2914
2922
2922
2922
2925
2935
2937
2937
2937
3183
3184
3184
3187
3189
3189
3189
3189
3189
3190
3193
3193
3193
3193
3194
3194
3194
3194
3194
3194
3194
3196
3229
3229
3232
3235
3238
3238
3241
3243
3245
3247
3249
3249
3251
3253
3254
3254
3254
3256
3256
3256
3259
3262
3262
3262
3262
3262
3262
3263
3266
3268
3269
3270
3272
3272
3273
3273
3275
3275
3275
3275
3278
3279
3282
3282
3282
3282
3283
3283
3283
3284
3284
3284
3286
3314
3317
3317
3318
3318
3320
3332
3332
3334
3334
3335
3335
3346
3346
3347
3350
3350
3353
3353
3353
3356
3356
3357
3357
3359
3364
3375
3376
3376
3376
3376
3376
3376
3376
3382
3426
3428
3428
3428
3430
3431
3431
3434
3434
3434
3434
3438
3438
3443
3443
3457
3460
3461
3461
3461
3472
3553
3553
3555
3555
3555
3555
3558
3558
3558
3558
3558
3561
3561
3561
3561
3562
3562
3564
3565
3567
3567
3567
3567
3568
3571
3572
3574
3574
3574
3577
3579
3579
3579
3579
3579
3582
3582
3584
3585
3585
3586
3587
3590
3590
3590
3590
3593
3595
3595
3595
3598
3598
3600
3600
3600
3600
3600
3600
3600
3600
3600
3600
3600
3603
3605
3606
3609
3609
3609
3611
3611
3611
3611
3611
3611
3611
3611
3611
3611
3613
3613
3615
3615
3615
3615
3615
3618
3621
3621
3621
3622
3623
3626
3629
3629
3629
3629
3630
3630
3630
3630
3630
3632
3635
3635
3635
3635
3635
3636
3636
3636
3636
3636
3636
3636
3636
3636
3636
3636
3636
3636
3636
3636
3636
3636
3636
3636
3636
3636
3636
3636
3636
3636
3636
3636
3636
3636
3636
3636
3636
3636
3636
