2650
2723
2725
2728
2728
2728
2730
2752
2774
2774
2774
2774
2775
2777
2806
2806
2806
2807
2808
2809
2825
2847
2847
2864
2867
2883
2886
2886
2886
2886
2903
2904
2904
2904
2904
2904
2920
2954
2979
2981
2981
2981
3000
3002
3002
3012
3012
3014
3037
3040
3058
3083
3085
3085
3101
3116
3116
3116
3123
3123
3128
3130
3153
3156
3156
3156
3156
3167
3202
3202
3204
3212
3213
3213
3232
3232
3244
3244
3247
3249
3249
3249
3249
3268
3273
3276
3276
3276
3278
3278
3278
3278
3283
3289
3321
3321
3321
3323
3324
3344
3344
3345
3345
3345
3345
3345
3345
3349
3349
3349
3350
3350
3350
3351
3351
3366
3366
3366
3366
3366
3366
3366
3366
3369
3371
3371
3371
3371
3373
3373
3373
3373
3373
3375
3375
3375
3381
3381
3382
3382
3382
3382
3382
3382
3382
3382
3382
3393
3395
3395
3396
3398
3398
3399
3399
3399
3399
3399
3399
3399
3400
3400
3400
3400
3400
3400
3400
3400
3400
3400
3400
3400
3400
3400
3400
3400
3400
3400
3400
3400
3400
3400
3400
3400
3400
3400
3400
3400
3400
3400
3400
3400
3400
3400
3400
3400
3400
3400
3400
3400
3400
3400
3400
3400
3400
3400
3400
3400
3400
3400
3400
3400
3400
3400
3400
3400
3400
3400
3400
3400
3400
3400
3400
3400
3400
3400
3400
3400
3400
3400
3400
3400
3400
3400
3400
3400
3400
3400
3400
3400
3400
3400
3400
3400
3400
3400
3400
3400
3400
3400
3400
3400
3400
3400
3400
3400
3400
3400
3400
3400
3400
3400
3400
3400
3400
3400
3400
3400
3400
3400
3400
3400
3400
3400
3400
3400
3400
3400
3400
3400
3400
3400
3400
3400
3400
3400
3400
3400
3400
3400
3400
3400
3400
3400
3400
3400
3400
3400
3400
3400
3400
3400
3400
3400
3400
3400
3400
3400
3400
