2650
2703
2703
2703
2719
2725
2755
2768
2769
2771
2771
2798
2798
2800
2800
2802
2804
2806
2809
2809
2847
2847
2870
2870
2890
2890
2893
2900
2901
2901
3046
3047
3047
3047
3049
3052
3052
3052
3054
3056
3056
3056
3056
3056
3056
3056
3056
3059
3062
3080
3080
3090
3090
3112
3114
3116
3116
3119
3215
3215
3215
3215
3215
3216
3216
3217
3219
3219
3219
3222
3246
3250
3251
3253
3262
3264
3264
3264
3281
3283
3285
3285
3285
3304
3305
3305
3305
3343
3345
3345
3345
3345
3347
3347
3347
3357
3357
3357
3357
3357
3377
3406
3406
3406
3406
3406
3406
3409
3409
3412
3412
3415
3418
3421
3423
3423
3423
3423
3423
3423
3425
3425
3425
3428
3428
3428
3428
3431
3433
3436
3436
3438
3438
3440
3440
3440
3440
3440
3440
3440
3440
3440
3440
3440
3440
3440
3440
3440
3442
3442
3443
3445
3447
3447
3447
3447
3447
3447
3447
3447
3447
3447
3447
3447
3447
3447
3447
3447
3447
3447
3447
3447
3447
3447
3447
3447
3447
3447
3447
3447
3447
3447
3447
3447
3447
3447
3447
3447
3447
3447
3447
3447
3447
3447
3447
3447
3447
3447
3447
3447
3447
3447
3447
3447
3447
3447
3447
3447
3447
3447
3447
3447
3447
3447
3447
3447
3447
3447
3447
3447
3447
3447
3447
3447
3447
3447
3447
3447
3447
3447
3447
3447
3447
3447
3447
3447
3447
3447
3447
3447
3447
3447
3447
3447
3447
3447
3447
3447
3447
3447
3447
3447
3447
3447
3447
3447
3447
3447
3447
3447
3447
3447
3447
3447
3447
3447
3447
3447
3447
3447
3447
3447
3447
3447
3447
3447
3447
3447
3447
3447
3447
3447
3447
3447
3447
3447
3447
3447
3447
3447
3447
3447
3447
3447
3447
3447
3447
3447
3447
3447
3447
3447
3447
3447
3447
3447
3447
3447
3447
3447
