2650
2769
2772
2773
2773
2773
2773
2776
2777
2777
2788
2788
2790
2795
2795
2795
2798
2801
2824
2828
2828
2852
2852
2852
2862
2862
2927
2928
2972
2972
2975
2975
2975
2975
2976
2976
2979
2982
3010
3012
3014
3014
3014
3014
3031
3033
3033
3039
3041
3043
3044
3054
3077
3080
3080
3080
3082
3084
3101
3101
3101
3140
3140
3317
3320
3321
3324
3324
3325
3325
3327
3328
3331
3332
3332
3335
3335
3338
3338
3340
3342
3343
3346
3349
3352
3352
3354
3354
3354
3354
3425
3428
3431
3431
3431
3431
3431
3432
3435
3435
3435
3435
3437
3437
3437
3440
3440
3440
3442
3442
3442
3442
3442
3444
3444
3445
3445
3445
3521
3521
3524
3525
3525
3528
3528
3528
3531
3531
3531
3531
3531
3531
3531
3539
3539
3539
3539
3539
3539
3543
3543
3544
3544
3544
3544
3544
3544
3544
3544
3544
3548
3548
3548
3548
3549
3549
3549
3549
3554
3554
3554
3554
3554
3555
3555
3555
3555
3555
3555
3555
3555
3555
3563
3563
3563
3563
3563
3563
3563
3563
3570
3578
3578
3578
3581
3581
3581
3581
3584
3584
3584
3586
3586
3586
3586
3588
3588
3588
3588
3588
3591
3592
3592
3595
3595
3595
3595
3595
3595
3595
3603
3603
3603
3603
3603
3603
3610
3610
3610
3611
3614
3614
3614
3617
3617
3617
3617
3620
3620
3620
3620
3620
3623
3624
3624
3624
3624
3625
3625
3625
3625
3625
3625
3625
3625
3625
3625
3625
3625
3625
3625
3625
3625
3625
3625
3625
3625
3625
3625
3625
3625
3625
3625
3625
3625
3625
3625
3625
3625
3625
3625
3625
3625
3625
3625
3625
3625
3625
3625
3625
3625
3625
3625
3625
3625
3625
3625
3625
3625
3625
3625
3625
3625
3625
3625
3625
3625
3625
3625
3625
3625
3625
3625
3625
3625
3625
3625
3625
3625
3625
3625
3625
3625
3625
3625
3625
3625
