2650
2710
2710
2710
2712
2713
2719
2858
2861
2864
2864
2864
2866
2866
2869
2869
2869
2869
2869
2871
2871
2871
2871
2874
2874
2874
2874
2874
2874
2874
2874
2874
2912
2912
2912
2912
2913
2913
2930
2931
2931
2933
2933
2966
2966
2966
2966
2966
3096
3099
3099
3099
3100
3100
3103
3103
3103
3105
3105
3105
3108
3111
3111
3111
3111
3111
3111
3111
3112
3112
3115
3115
3115
3118
3120
3120
3121
3121
3121
3122
3127
3127
3156
3159
3162
3164
3164
3178
3178
3178
3180
3180
3181
3181
3181
3181
3210
3210
3210
3219
3226
3226
3226
3252
3252
3252
3262
3263
3263
3263
3275
3275
3275
3275
3275
3290
3290
3297
3300
3300
3301
3301
3303
3419
3420
3421
3423
3431
3431
3432
3432
3432
3432
3435
3437
3437
3438
3440
3441
3443
3444
3445
3448
3465
3467
3467
3467
3471
3471
3471
3472
3472
3472
3473
3473
3473
3473
3473
3473
3474
3476
3477
3477
3477
3477
3477
3478
3478
3481
3482
3482
3482
3482
3482
3482
3482
3482
3486
3487
3489
3489
3489
3489
3493
3493
3496
3496
3496
3496
3496
3496
3501
3501
3501
3504
3504
3504
3515
3516
3529
3530
3532
3534
3534
3534
3537
3537
3542
3542
3542
3544
3544
3546
3547
3547
3547
3547
3547
3565
3566
3566
3568
3571
3573
3573
3573
3576
3576
3576
3578
3578
3578
3578
3578
3579
3580
3580
3580
3580
3582
3582
3582
3585
3585
3587
3589
3589
3592
3592
3592
3592
3592
3592
3595
3595
3595
3595
3595
3595
3595
3595
3595
3598
3598
3598
3598
3599
3601
3601
3601
3603
3603
3603
3605
3605
3605
3605
3605
3606
3606
3606
3607
3607
3608
3609
3609
3609
3612
3612
3612
3614
3614
3617
3617
3618
3618
3618
3618
3618
3618
3618
3618
3618
3618
3618
3618
3618
3618
3618
3618
3618
3618
3618
3618
