2650
2760
2760
2760
2767
2769
2772
2772
2772
2773
2773
2773
2816
2819
2819
2819
2822
2829
2830
2830
2831
2839
2839
2875
2875
2877
2879
2881
2881
2881
2881
2881
2987
2990
2993
2994
2997
2997
2998
2998
2999
2999
2999
3000
3001
3216
3217
3219
3221
3224
3226
3228
3230
3230
3231
3232
3232
3232
3232
3232
3232
3235
3238
3238
3238
3239
3239
3239
3241
3241
3242
3244
3247
3249
3249
3252
3253
3253
3253
3253
3253
3256
3256
3257
3257
3257
3257
3257
3257
3257
3259
3259
3261
3262
3264
3267
3267
3267
3267
3267
3268
3268
3270
3271
3271
3272
3273
3273
3273
3276
3276
3279
3302
3321
3322
3329
3337
3337
3337
3337
3337
3337
3473
3476
3476
3476
3476
3478
3478
3478
3478
3478
3481
3481
3481
3481
3481
3481
3481
3481
3482
3482
3482
3482
3482
3482
3484
3484
3485
3486
3486
3486
3487
3489
3490
3491
3494
3494
3494
3494
3494
3501
3501
3504
3504
3505
3508
3508
3508
3511
3512
3536
3536
3536
3536
3536
3538
3539
3540
3543
3543
3545
3545
3547
3547
3547
3547
3547
3547
3549
3550
3550
3550
3551
3552
3552
3552
3552
3555
3556
3566
3566
3566
3569
3569
3569
3570
3574
3583
3586
3586
3587
3589
3589
3592
3592
3597
3597
3643
3645
3645
3645
3646
3649
3649
3652
3654
3654
3654
3654
3654
3656
3656
3658
3658
3658
3658
3658
3661
3661
3663
3666
3666
3667
3667
3667
3667
3667
3667
3667
3667
3667
3667
3667
3667
3667
3667
3667
3667
3667
3667
3667
3667
3667
3667
3667
3667
3667
3667
3667
3667
3667
3667
3667
3667
3667
3667
3667
3667
3667
3667
3667
3667
3667
3667
3667
3667
3667
3667
3667
3667
3667
3667
3667
3667
3667
3667
3667
3667
3667
3667
3667
3667
3667
3667
3667
3667
3667
3667
3667
3667
3667
3667
3667
3667
3667
3667
3667
3667
