2650
2712
2712
2741
2756
2766
2766
2766
2769
2770
2790
2792
2792
2793
2793
2793
2794
2798
2798
2808
2808
2808
2808
2811
2811
2811
2880
2881
2884
2884
2900
2900
2908
2909
2909
2909
2912
2912
2913
2944
2944
2945
2948
2948
2948
2957
2960
2960
2960
2960
2993
2993
2993
2996
3015
3025
3026
3026
3026
3033
3033
3034
3034
3037
3038
3040
3040
3041
3041
3062
3062
3064
3064
3093
3093
3096
3096
3099
3125
3127
3127
3137
3137
3137
3137
3147
3173
3173
3173
3175
3185
3185
3187
3204
3210
3210
3210
3213
3213
3214
3214
3214
3215
3215
3218
3218
3218
3218
3219
3238
3241
3241
3287
3392
3393
3393
3393
3396
3396
3397
3397
3397
3397
3437
3437
3439
3439
3440
3440
3440
3443
3443
3443
3443
3443
3443
3443
3451
3453
3453
3453
3453
3454
3454
3454
3454
3454
3454
3454
3457
3457
3458
3458
3458
3458
3458
3458
3458
3460
3460
3460
3462
3463
3463
3463
3463
3463
3463
3463
3463
3464
3467
3467
3468
3468
3470
3470
3470
3471
3471
3473
3474
3474
3474
3492
3492
3555
3556
3556
3556
3556
3556
3556
3556
3556
3556
3559
3562
3562
3564
3564
3565
3565
3565
3565
3565
3566
3568
3568
3568
3568
3568
3570
3570
3570
3570
3572
3572
3572
3572
3572
3572
3572
3572
3575
3578
3579
3579
3580
3580
3580
3580
3582
3582
3585
3585
3588
3591
3594
3594
3595
3598
3598
3600
3602
3602
3602
3602
3605
3605
3605
3605
3605
3605
3605
3606
3608
3610
3610
3611
3614
3614
3614
3615
3615
3615
3615
3616
3616
3619
3619
3619
3619
3619
3619
3622
3624
3625
3625
3625
3625
3625
3625
3625
3625
3625
3625
3625
3625
3625
3625
3625
3625
3625
3625
3625
3625
3625
3625
3625
3625
3625
3625
3625
3625
3625
3625
3625
3625
3625
3625
3625
3625
3625
3625
3625
3625
3625
3625
3625
