2650
2753
2753
2755
2755
2755
2756
2764
2774
2774
2775
2875
2875
2875
2875
2875
2878
2880
2880
2882
2883
2883
2883
2885
2885
2885
2885
2885
2886
2888
2891
2891
2892
2894
2895
2895
2898
2898
2898
2898
2898
2901
2901
2902
2902
2904
2904
2904
2904
2904
2915
2916
2916
2916
2916
2918
2918
2919
2922
2963
2963
2963
2984
2985
2985
2985
2986
2988
2988
2988
2989
2992
2992
2992
3008
3036
3037
3037
3038
3038
3038
3038
3042
3068
3071
3071
3077
3079
3099
3099
3102
3102
3105
3115
3115
3118
3118
3121
3121
3121
3124
3124
3124
3128
3131
3131
3181
3181
3181
3183
3185
3185
3185
3187
3217
3217
3217
3217
3227
3227
3227
3227
3236
3237
3238
3240
3240
3262
3263
3265
3266
3271
3274
3274
3301
3301
3301
3304
3304
3317
3318
3318
3321
3375
3375
3375
3375
3378
3381
3384
3387
3387
3387
3390
3390
3390
3390
3390
3390
3390
3390
3390
3393
3393
3396
3402
3402
3422
3423
3423
3423
3423
3425
3438
3438
3441
3443
3443
3446
3446
3446
3446
3446
3446
3449
3449
3449
3449
3449
3449
3449
3452
3453
3453
3504
3504
3505
3506
3506
3506
3506
3506
3506
3506
3506
3506
3506
3506
3506
3506
3513
3513
3513
3513
3513
3513
3513
3513
3513
3513
3513
3513
3513
3513
3526
3526
3526
3526
3530
3530
3530
3530
3530
3536
3539
3539
3539
3540
3540
3540
3540
3540
3541
3541
3541
3541
3541
3541
3541
3541
3541
3541
3541
3541
3541
3541
3541
3541
3541
3541
3541
3541
3541
3541
3541
3541
3541
3541
3541
3541
3541
3541
3541
3541
3541
3541
3541
3541
3541
3541
3541
3541
3541
3541
3541
3541
3541
3541
3541
3541
3541
3541
3541
3541
3541
3541
3541
3541
3541
3541
3541
3541
3541
3541
3541
3541
3541
3541
3541
3541
3541
3541
3541
3541
3541
3541
3541
3541
3541
3541
3541
3541
3541
3541
3541
3541
3541
3541
3541
3541
3541
3541
3541
3541
3541
3541
3541
3541
3541
3541
3541
3541
3541
3541
3541
3541
3541
3541
3541
3541
3541
3541
3541
3541
3541
3541
3541
3541
3541
3541
3541
3541
3541
3541
3541
3541
3541
3541
3541
3541
3541
3541
3541
3541
3541
3541
3541
3541
3541
3541
3541
3541
3541
3541
3541
3541
3541
3541
3541
3541
3541
3541
3541
3541
3541
3541
3541
3541
3541
3541
3541
3541
3541
3541
3541
3541
3541
3541
3541
3541
3541
3541
3541
3541
3541
3541
3541
3541
3541
3541
3541
3541
3541
3541
3541
3541
3541
3541
3541
3541
3541
3541
3541
3541
3541
3541
3541
3541
3541
3541
3541
3541
3541
3541
3541
3541
3541
3541
3541
3541
3541
3541
3541
3541
3541
3541
3541
3541
3541
3541
3541
3541
3541
3541
3541
3541
3541
3541
3541
3541
3541
3541
3541
3541
3541
3541
3541
3541
3541
3541
3541
3541
3541
3541
3541
3541
3541
3541
3541
