2650
2726
2773
2773
2775
2775
2776
2776
2776
2776
2776
2800
2814
2814
2814
2822
2822
3040
3043
3044
3044
3044
3044
3047
3047
3047
3047
3050
3050
3053
3053
3053
3053
3053
3053
3056
3136
3139
3139
3141
3141
3141
3141
3143
3143
3146
3146
3147
3147
3147
3149
3149
3188
3188
3188
3190
3190
3190
3192
3195
3197
3200
3202
3203
3203
3203
3204
3204
3207
3209
3209
3209
3209
3210
3210
3210
3215
3215
3215
3245
3245
3247
3247
3247
3267
3269
3269
3272
3274
3274
3281
3287
3288
3291
3291
3295
3298
3326
3328
3347
3348
3348
3349
3349
3349
3349
3352
3352
3355
3371
3373
3375
3395
3403
3414
3416
3425
3425
3427
3427
3427
3427
3427
3427
3427
3427
3430
3433
3433
3434
3434
3434
3434
3434
3434
3434
3438
3438
3438
3458
3458
3459
3459
3460
3460
3460
3460
3480
3480
3480
3480
3480
3480
3480
3480
3480
3480
3480
3480
3480
3573
3575
3575
3577
3577
3577
3577
3577
3577
3580
3580
3580
3580
3580
3580
3580
3580
3580
3580
3586
3586
3586
3589
3592
3592
3592
3595
3595
3595
3595
3597
3599
3599
3599
3599
3605
3605
3605
3605
3605
3605
3605
3605
3605
3605
3605
3605
3605
3605
3605
3605
3609
3609
3609
3609
3609
3609
3609
3609
3609
3609
3609
3609
3609
3609
3609
3609
3609
3609
3609
3609
3609
3609
3609
3609
3609
3609
3609
3609
3609
3609
3609
3609
3609
3609
3609
3609
3609
3609
3609
3609
3609
3609
3609
3609
3609
3609
3609
3609
3609
3609
3609
3609
3609
3609
3609
3609
3609
3609
3609
3609
3609
3609
3609
3609
3609
3609
3609
3609
3609
3609
3609
3609
3609
3609
3609
3609
3609
3609
3609
3609
3609
3609
3609
3609
3609
3609
3609
3609
3609
3609
3609
3609
3609
3609
3609
3609
3609
3609
3609
3609
3609
3609
3609
3609
3609
3609
3609
3609
3609
3609
3609
3609
3609
3609
3609
3609
3609
3609
