0
0
0
0
1966
1994
2045
2050
2056
2071
2071
2072
2073
2082
2085
2085
2103
2103
2103
2103
2140
2143
2174
2182
2182
2183
2216
2216
2216
2216
2236
2239
2239
2240
2240
2275
2275
2348
2349
2350
2350
2351
2351
2351
2354
2357
2357
2357
2357
2357
2357
2357
2357
2357
2360
2360
2360
2360
2360
2360
2360
2360
2360
2360
2360
2360
2370
2370
2370
2370
2370
2371
2371
2372
2377
2377
2377
2377
2377
2379
2379
2380
2383
2383
2383
2384
2384
2385
2385
2385
2385
2387
2387
2387
2388
2389
2389
2389
2389
2389
2391
2391
2391
2391
2391
2391
2391
2391
2391
2391
