0
0
0
0
1968
2012
2012
2012
2012
2045
2055
2055
2069
2069
2069
2070
2073
2073
2076
2076
2076
2076
2093
2093
2093
2093
2093
2093
2098
2098
2099
2099
2099
2099
2099
2103
2106
2109
2109
2112
2113
2115
2226
2228
2228
2228
2228
2228
2228
2228
2229
2229
2229
2229
2229
2229
2232
2232
2232
2232
2232
2232
2233
2234
2234
2237
2239
2241
2241
2241
2243
2246
2249
2251
2251
2254
2254
2254
2254
2256
2258
2258
2258
2261
2261
2261
2261
2262
2263
2263
2263
2264
2264
2264
2266
2268
2269
2271
2271
2274
2274
2274
2275
2284
2287
2289
2290
2291
2291
2291
2299
2299
2299
2299
2300
2304
2460
2460
2463
2463
2465
2465
2465
2465
2466
2467
2467
2470
2470
2471
2474
2477
2478
2481
2482
2482
2482
2485
2486
2487
2487
2487
2487
2487
2489
2490
2490
2491
2493
2493
2493
2516
2519
2519
2519
2519
2519
2519
2519
2520
2520
2520
2520
2520
2520
2520
2520
2520
2520
2530
2530
2530
2536
2536
2536
2538
2538
2538
2538
2538
2538
2541
2541
2541
2544
2544
2544
2544
2544
2544
2544
2544
2544
2544
2544
2544
2544
2551
2551
2551
2551
2551
2551
2551
2567
2567
2567
2567
2567
2567
2573
2573
2573
2573
2576
2576
2576
2582
2582
2582
2582
2582
2582
2582
2582
2582
2582
2590
2590
2590
2593
2593
2593
2593
2593
2593
2593
2593
2593
2593
2593
2593
2593
2593
2593
2593
2593
2601
2601
2601
2603
2603
2603
2603
2603
2607
2607
2607
2607
2608
2608
2608
2608
2608
2608
2615
2615
2615
2615
2615
2616
2616
2616
2616
2616
2616
2616
2616
2616
2616
2616
2616
2616
2616
2616
2616
2616
2616
2616
2616
2616
2616
2616
2616
2616
2616
2616
2616
2616
2616
2616
2616
2616
2616
2616
2616
2616
2616
2616
2616
2616
2616
2616
2616
2616
2616
2616
2616
2616
2616
2616
2616
2616
2616
2616
2616
2616
2616
2616
2616
2616
2616
2616
2616
2616
2616
2616
2616
2616
2616
2616
2616
2616
2616
2616
2616
2616
2616
2616
2616
2616
2616
2616
2616
2616
2616
2616
2616
2616
2616
2616
2616
2616
2616
2616
2616
2616
2616
2616
2616
2616
2616
2616
2616
2616
2616
2616
2616
2616
2616
2616
2616
2616
2616
2616
2616
2616
2616
2616
2616
2616
2616
2616
2616
2616
2616
