0
0
0
0
2023
2030
2030
2059
2059
2063
2065
2067
2073
2074
2074
2074
2097
2100
2103
2108
2112
2115
2223
2223
2223
2226
2226
2226
2227
2227
2230
2233
2233
2236
2236
2236
2236
2238
2238
2240
2240
2240
2241
2250
2250
2251
2251
2251
2252
2252
2252
2253
2254
2254
2255
2255
2255
2255
2255
2270
2270
2270
2270
2271
2290
2290
2290
2290
2290
2290
2292
2292
2294
2294
2294
2297
2297
2297
2297
2297
2297
2325
2325
2326
2327
2327
2327
2328
2328
2328
2329
2329
2329
2329
2332
2332
2332
2332
2332
2332
2332
2335
2335
2335
2335
2335
2335
2335
2335
2337
2337
2337
2338
2338
2338
2338
2339
2339
2339
2339
2339
2339
2339
2339
2339
2339
2339
2339
2339
2339
2339
2339
2339
2339
2339
2339
2339
2339
2339
2339
2339
2339
2339
2339
2339
2339
2339
2339
2339
2339
2339
2339
2339
2339
2339
2339
2339
2339
