0
0
0
0
2001
2048
2048
2048
2048
2049
2049
2052
2055
2057
2057
2058
2058
2172
2172
2174
2174
2176
2176
2176
2176
2177
2177
2177
2178
2179
2180
2182
2184
2184
2184
2233
2234
2234
2234
2236
2236
2236
2236
2239
2240
2240
2241
2243
2243
2246
2246
2303
2303
2303
2303
2303
2303
2303
2303
2303
2303
2303
2303
2303
2303
2303
2303
2303
2303
2303
2303
2303
2303
2303
2303
2303
2303
2303
2303
2303
2303
2303
2303
2303
2303
2303
2303
2303
2303
2303
2303
2303
2303
2303
2303
2303
2303
2303
2303
2303
2303
2303
2303
2303
2303
2303
2303
2303
2303
2303
2303
2303
2303
2303
2303
2303
2303
2303
2303
2303
2303
2303
2303
2303
2303
2303
2303
2303
2303
2303
2303
2303
2303
2303
2303
2303
2303
2303
2303
2303
2303
2303
2303
2303
2303
2303
2303
2303
2303
2303
2303
2303
2303
2303
2303
2303
2303
2303
