0
0
0
0
2001
2019
2086
2089
2089
2089
2089
2091
2091
2091
2093
2093
2094
2097
2100
2119
2122
2122
2291
2291
2293
2293
2294
2294
2296
2296
2298
2298
2298
2300
2300
2301
2301
2301
2301
2304
2304
2306
2308
2308
2310
2310
2311
2314
2314
2314
2317
2318
2320
2320
2320
2320
2322
2322
2324
2324
2327
2327
2328
2331
2331
2331
2332
2332
2332
2333
2333
2335
2335
2337
2340
2342
2342
2342
2342
2342
2342
2343
2343
2343
2343
2343
2343
2343
2346
2347
2347
2347
2348
2350
2350
2350
2350
2352
2352
2352
2353
2353
2354
2354
2356
2358
2360
2360
2360
2362
2363
2365
2365
2366
2366
2366
2366
2369
2372
2372
2372
2372
2372
2373
2376
2376
2377
2378
2414
2414
2427
2430
2433
2434
2434
2437
2437
2437
2437
2440
2440
2557
2557
2557
2557
2557
2557
2559
2559
2560
2560
2562
2562
2562
2562
2563
2566
2566
2567
2570
2570
2570
2573
2573
2573
2575
2575
2575
2575
2575
2575
2575
2575
2575
2575
2575
2575
2584
2584
2584
2584
2584
2584
2584
2584
2584
2584
2584
2681
2681
2682
2682
2682
2682
2682
2684
2684
2684
2684
2684
2684
2687
2687
2688
2688
2688
2688
2688
2688
2688
2688
2692
2692
2692
2692
2692
2692
2692
2692
2692
2692
2692
2692
2692
2692
2692
2692
2692
2692
2692
2710
2710
2710
2710
2710
2710
2710
2710
2710
2710
2710
2710
2710
2710
2710
2710
2710
2710
2710
2710
2710
2710
2710
2710
2710
2710
2710
2710
2710
2710
2710
2710
2710
2710
2710
2710
2710
2710
2710
2710
2710
2710
2710
2710
2710
2710
2710
2710
2710
2710
2710
2710
2710
2710
2710
2710
2710
2710
2710
2710
2710
2710
2710
2710
2710
2710
2710
2710
2710
2710
2710
2710
2710
2710
2710
2710
2710
2710
2710
2710
2710
2710
2710
2710
2710
2710
2710
2710
2710
2710
2710
2710
2710
2710
2710
2710
2710
2710
2710
2710
2710
2710
2710
2710
2710
2710
2710
2710
2710
2710
2710
2710
2710
2710
2710
2710
2710
2710
2710
2710
2710
2710
2710
2710
2710
2710
2710
2710
2710
2710
2710
2710
2710
2710
2710
2710
2710
2710
2710
2710
2710
2710
2710
2710
2710
2710
2710
2710
2710
2710
2710
2710
2710
2710
2710
2710
2710
2710
2710
2710
