0
0
0
0
2012
2072
2076
2076
2076
2076
2077
2167
2167
2168
2169
2169
2169
2169
2169
2172
2172
2174
2174
2177
2177
2177
2177
2177
2177
2177
2177
2194
2263
2263
2263
2263
2266
2266
2266
2266
2269
2269
2269
2269
2269
2276
2277
2291
2291
2294
2294
2296
2298
2301
2322
2325
2327
2335
2337
2337
2341
2341
2361
2361
2361
2361
2361
2361
2365
2365
2365
2365
2368
2370
2370
2370
2400
2402
2403
2404
2404
2404
2406
2406
2406
2406
2406
2406
2406
2406
2409
2409
2411
2411
2413
2413
2413
2413
2413
2416
2418
2418
2418
2418
2419
2419
2419
2419
2422
2422
2422
2422
2422
2422
2422
2422
2422
2422
2422
2422
2422
2422
2422
2422
2422
2422
2422
2422
2422
2422
2422
2422
2422
2422
2422
2422
2422
2422
2422
2422
2422
2422
2422
2422
2422
2422
2422
2422
2422
2422
2422
2422
2422
2422
