0
0
0
0
1931
2000
2001
2056
2057
2058
2061
2061
2061
2062
2246
2246
2248
2249
2249
2250
2250
2250
2250
2250
2250
2250
2250
2250
2252
2254
2254
2254
2257
2257
2258
2261
2261
2261
2261
2261
2261
2262
2263
2263
2265
2267
2269
2272
2272
2272
2275
2278
2278
2278
2278
2281
2283
2283
2285
2286
2286
2286
2286
2286
2289
2289
2289
2289
2290
2290
2291
2291
2311
2311
2311
2311
2311
2311
2313
2330
2330
2330
2330
2331
2333
2333
2335
2337
2340
2340
2340
2340
2340
2340
2340
2342
2342
2342
2348
2351
2351
2351
2353
2356
2356
2357
2357
2357
2357
2377
2377
2377
2383
2383
2383
2383
2383
2405
2405
2405
2405
2407
2407
2407
2407
2407
2414
2414
2414
2464
2464
2464
2464
2464
2464
2469
2469
2469
2471
2472
2472
2472
2472
2472
2472
2472
2472
2472
2472
2472
2472
2472
2472
2472
2472
2472
2472
2472
2472
2472
2472
2472
2472
2472
2472
2472
2472
2472
2472
2472
2472
2472
2472
2472
2472
2472
2472
2472
2472
2472
2472
2472
2472
2472
2472
2472
2472
2472
2472
2472
2472
2472
2472
2472
2472
2472
2472
2472
2472
2472
