0
0
0
0
1966
2026
2058
2058
2058
2059
2062
2070
2070
2072
2072
2187
2187
2190
2190
2190
2190
2190
2190
2190
2192
2192
2193
2193
2193
2195
2196
2198
2199
2199
2199
2202
2205
2205
2205
2205
2206
2207
2207
2245
2245
2247
2248
2249
2251
2251
2251
2251
2252
2252
2252
2255
2257
2257
2257
2257
2260
2260
2260
2260
2262
2264
2269
2269
2272
2285
2286
2286
2286
2286
2286
2286
2309
2309
2309
2313
2314
2316
2317
2317
2319
2319
2323
2323
2323
2323
2323
2323
2323
2325
2325
2415
2415
2415
2415
2416
2416
2416
2418
2421
2422
2422
2422
2422
2422
2422
2422
2425
2425
2425
2427
2427
2427
2429
2429
2429
2429
2430
2430
2430
2433
2433
2433
2433
2433
2437
2437
2440
2440
2440
2440
2440
2445
2445
2448
2448
2448
2448
2448
2448
2451
2451
2451
2451
2451
2451
2451
2451
2451
2451
2451
2451
2451
2451
2451
2451
2451
2451
2451
2451
2451
2451
2451
2451
2451
2451
2451
2451
2451
2451
2451
2451
2451
2451
2451
2451
2451
2451
2451
2451
2451
2451
2451
2451
2451
2451
2451
2451
2451
2451
2451
2451
2451
2451
2451
2451
2451
2451
