0
0
0
0
2017
2036
2079
2108
2108
2108
2108
2108
2108
2110
2112
2134
2134
2142
2142
2143
2289
2289
2289
2291
2291
2292
2299
2299
2299
2299
2299
2302
2302
2302
2302
2302
2302
2302
2304
2306
2306
2309
2321
2485
2487
2488
2488
2489
2491
2491
2491
2491
2492
2493
2494
2496
2496
2496
2498
2498
2500
2500
2500
2500
2503
2503
2503
2503
2503
2505
2505
2505
2509
2509
2509
2509
2511
2514
2514
2514
2516
2516
2516
2519
2519
2519
2520
2521
2521
2521
2524
2524
2524
2524
2524
2524
2529
2529
2529
2531
2532
2535
2535
2535
2535
2535
2536
2536
2536
2536
2541
2542
2542
2542
2544
2546
2546
2546
2548
2548
2550
2552
2552
2552
2552
2552
2552
2552
2552
2552
2552
2552
2552
2552
2552
2552
2552
2552
2552
2552
2552
2552
2552
2552
2552
2552
2552
2552
2552
2552
2552
2552
2552
2552
2552
2552
2552
