0
0
0
0
1968
1987
1990
2014
2017
2017
2026
2037
2039
2039
2039
2039
2039
2039
2049
2049
2051
2054
2054
2057
2057
2059
2062
2062
2064
2066
2069
2071
2180
2183
2183
2185
2188
2188
2188
2188
2191
2194
2196
2199
2201
2201
2203
2203
2203
2204
2205
2205
2205
2205
2206
2206
2206
2206
2207
2210
2211
2211
2211
2211
2211
2211
2212
2212
2212
2212
2212
2215
2215
2218
2218
2220
2220
2220
2220
2220
2220
2220
2220
2220
2220
2220
2220
2220
2222
2222
2222
2222
2223
2223
2223
2223
2224
2225
2225
2227
2227
2227
2227
2227
2227
2227
2227
2227
2227
2230
2231
2234
2237
2237
2239
2239
2240
2241
2243
2243
2243
2243
2243
2245
2245
2245
2248
2250
2250
2323
2323
2323
2325
2328
2331
2331
2331
2334
2334
2334
2335
2335
2337
2337
2340
2342
2342
2342
2342
2342
2342
2342
2344
2344
2344
2344
2344
2344
2344
2346
2346
2349
2350
2350
2350
2350
2350
2350
2352
2352
2352
2352
2353
2353
2353
2353
2353
2353
2353
2356
2356
2356
2356
2356
2356
2356
2356
2365
2365
2365
2366
2367
2367
2367
2367
2367
2367
2384
2384
2384
2384
2384
2384
2389
2389
2389
2389
2390
2390
2390
2395
2395
2397
2397
2397
2397
2397
2397
2397
2397
2397
2402
2402
2402
2402
2402
2402
2402
2402
2409
2409
2409
2409
2409
2409
2409
2409
2409
2409
2416
2416
2416
2416
2416
2416
2416
2419
2419
2419
2423
2424
2424
2424
2424
2424
2424
2425
2425
2425
2425
2425
2425
2425
2425
2425
2425
2425
2425
2425
2425
2425
2425
2425
2425
2425
2425
2425
2425
2425
2425
2425
2425
2425
2425
2425
2425
2425
2425
2425
2425
2425
2425
2425
2425
2425
2425
2425
2425
2425
2425
2425
2425
2425
2425
2425
2425
2425
2425
2425
2425
2425
2425
2425
2425
2425
2425
2425
2425
2425
2425
2425
2425
2425
2425
2425
2425
2425
2425
2425
2425
2425
2425
2425
2425
2425
2425
2425
2425
2425
2425
2425
2425
2425
2425
2425
2425
2425
2425
2425
2425
2425
2425
2425
2425
2425
2425
2425
2425
2425
2425
2425
2425
2425
2425
2425
2425
2425
2425
2425
2425
2425
2425
2425
2425
2425
2425
2425
2425
2425
2425
2425
2425
2425
2425
2425
2425
2425
2425
2425
2425
2425
2425
2425
2425
2425
2425
2425
2425
