0
0
0
0
1911
1986
1986
1994
1994
1997
2010
2010
2010
2012
2015
2015
2019
2019
2021
2021
2024
2024
2024
2026
2032
2032
2032
2032
2038
2039
2039
2041
2042
2042
2042
2042
2042
2049
2052
2052
2052
2052
2052
2052
2052
2052
2052
2053
2056
2056
2073
2076
2079
2080
2080
2109
2109
2111
2111
2111
2112
2112
2115
2115
2117
2117
2117
2119
2122
2123
2123
2123
2123
2141
2141
2141
2142
2145
2145
2145
2147
2147
2148
2148
2148
2148
2148
2148
2160
2163
2163
2163
2163
2163
2163
2163
2166
2166
2166
2166
2169
2169
2169
2172
2172
2172
2172
2172
2172
2172
2172
2172
2172
2172
2172
2172
2187
2187
2187
2187
2187
2187
2187
2187
2187
2187
2187
2187
2187
2187
2187
2187
2187
2187
2187
2187
2187
2187
2187
2187
2187
2187
2187
2187
2187
2187
2187
2187
2187
2187
2187
2187
2187
2187
2187
2187
2187
2187
2187
2187
2187
2187
2187
2187
2187
2187
2187
2187
2187
2187
2187
2187
2187
2187
2187
2187
2187
2187
2187
2187
2187
2187
2187
2187
2187
2187
2187
2187
2187
2187
2187
2187
2187
2187
2187
2187
2187
2187
2187
2187
2187
2187
2187
2187
