0
0
0
0
1977
2030
2046
2049
2049
2049
2049
2050
2051
2051
2051
2051
2051
2051
2051
2053
2053
2074
2074
2074
2077
2080
2082
2085
2085
2086
2086
2087
2089
2165
2166
2188
2188
2188
2188
2191
2194
2194
2194
2197
2197
2197
2199
2199
2199
2199
2199
2202
2202
2204
2204
2204
2204
2204
2204
2204
2207
2207
2207
2207
2209
2209
2209
2209
2209
2212
2212
2212
2212
2212
2213
2213
2213
2213
2213
2218
2218
2218
2221
2224
2225
2225
2225
2228
2230
2233
2235
2235
2235
2235
2243
2243
2243
2243
2243
2243
2243
2243
2245
2245
2374
2374
2374
2374
2376
2377
2377
2378
2378
2378
2378
2380
2381
2381
2383
2383
2383
2386
2386
2387
2387
2388
2388
2390
2390
2390
2390
2390
2390
2392
2392
2392
2392
2392
2395
2395
2396
2397
2397
2398
2398
2398
2399
2399
2400
2402
2403
2403
2403
2403
2403
2403
2403
2406
2406
2409
2409
2409
2409
2409
2414
2414
2414
2418
2418
2418
2418
2418
2418
2418
2418
2420
2420
2420
2420
2420
2420
2420
2420
2420
2430
2430
2430
2430
2430
2430
2430
2430
2430
2430
2435
2435
2435
2435
2435
2444
2446
2446
2446
2446
2446
2446
2446
2446
2446
2446
2446
2446
2446
2446
2453
2453
2453
2461
2461
2461
2461
2461
2461
2461
2464
2464
2465
2465
2467
2467
2467
2467
2467
2467
2467
2467
2485
2485
2485
2485
2485
2485
2485
2485
2485
2485
2485
2485
2485
2485
2488
2488
2488
2488
2488
2497
2497
2497
2497
2497
2497
2497
2497
2497
2497
2505
2505
2505
2511
2511
2511
2511
2511
2511
2511
2511
2511
2511
2511
2511
2511
2511
2511
2511
2511
2511
2511
2511
2511
2511
2511
2511
2511
2511
2511
2511
2511
2511
2511
2511
2511
2511
2511
2511
2511
2511
2511
2511
2511
2511
2511
2511
2511
2511
2511
2511
2511
2511
2511
2511
2511
2511
2511
2511
2511
2511
2511
2511
2511
2511
2511
2511
2511
2511
2511
2511
2511
2511
2511
2511
2511
2511
2511
2511
2511
2511
2511
2511
2511
2511
2511
2511
2511
2511
2511
2511
2511
2511
2511
2511
2511
2511
2511
2511
2511
2511
2511
2511
2511
2511
2511
2511
2511
2511
2511
2511
2511
2511
2511
2511
2511
2511
2511
2511
2511
2511
2511
2511
2511
2511
