0
0
0
0
1969
2082
2084
2084
2087
2087
2089
2092
2093
2093
2093
2093
2093
2093
2095
2126
2126
2126
2126
2126
2126
2126
2126
2126
2221
2223
2223
2223
2224
2224
2224
2227
2229
2232
2294
2294
2297
2298
2301
2303
2303
2303
2303
2306
2307
2308
2308
2310
2310
2310
2310
2310
2312
2314
2314
2314
2314
2316
2316
2420
2420
2420
2420
2423
2424
2424
2424
2425
2428
2428
2430
2430
2431
2431
2434
2435
2438
2438
2438
2439
2439
2439
2441
2442
2444
2444
2444
2444
2444
2444
2447
2447
2447
2447
2447
2447
2448
2449
2451
2451
2453
2453
2453
2453
2453
2453
2453
2453
2453
2455
2455
2455
2457
2457
2457
2459
2624
2627
2627
2628
2628
2628
2628
2629
2629
2631
2631
2631
2633
2633
2633
2635
2637
2638
2638
2638
2638
2639
2642
2645
2645
2645
2647
2647
2647
2647
2650
2650
2650
2653
2653
2654
2656
2656
2657
2660
2661
2661
2661
2664
2664
2664
2664
2664
2668
2668
2672
2672
2672
2672
2672
2672
2672
2672
2672
2672
2672
2672
2674
2674
2674
2674
2674
2677
2677
2677
2677
2677
2677
2677
2677
2677
2677
2685
2685
2685
2685
2685
2685
2685
2685
2685
2685
2685
2685
2685
2685
2703
2703
2703
2703
2703
2704
2704
2707
2707
2707
2709
2709
2709
2709
2709
2713
2713
2713
2713
2713
2713
2713
2713
2713
2717
2717
2719
2719
2719
2719
2722
2722
2722
2722
2722
2722
2722
2722
2722
2722
2722
2722
2722
2722
2722
2722
2722
2725
2725
2725
2725
2725
2725
2725
2725
2725
2725
2725
2725
2725
2725
2725
2725
2725
2725
2725
2725
2725
2725
2725
2725
2725
2725
2725
2725
2725
2725
2725
2725
2725
2725
2725
2725
2725
2725
2725
2725
2725
2725
2725
2725
2725
2725
2725
2725
2725
2725
2725
2725
2725
2725
2725
2725
2725
2725
2725
2725
2725
2725
2725
2725
2725
2725
2725
2725
2725
2725
2725
2725
2725
2725
2725
2725
2725
2725
2725
2725
2725
2725
2725
2725
2725
2725
2725
2725
2725
2725
2725
2725
2725
2725
2725
2725
2725
2725
2725
2725
2725
2725
2725
2725
2725
2725
2725
2725
2725
2725
2725
2725
2725
2725
2725
2725
2725
2725
2725
2725
2725
2725
2725
2725
2725
2725
2725
2725
2725
2725
2725
2725
2725
2725
2725
2725
2725
2725
2725
2725
2725
