0
0
0
0
1917
2001
2019
2019
2019
2019
2020
2022
2023
2023
2024
2025
2028
2050
2052
2052
2062
2063
2063
2066
2081
2081
2081
2090
2093
2155
2157
2157
2157
2159
2159
2162
2162
2165
2168
2168
2170
2172
2172
2175
2176
2179
2181
2181
2181
2181
2181
2181
2181
2181
2181
2181
2181
2181
2181
2181
2184
2184
2184
2184
2184
2184
2184
2184
2184
2184
2184
2184
2184
2184
2184
2184
2184
2184
2184
2184
2184
2184
2184
2184
2184
2184
2184
2184
2184
2184
2184
2184
2184
2184
2184
2184
2184
2184
2184
2184
2184
2184
2184
2184
2184
2184
