0
0
0
0
1921
2053
2053
2053
2053
2065
2065
2107
2107
2138
2141
2141
2160
2162
2162
2164
2167
2189
2190
2193
2209
2211
2213
2260
2260
2260
2260
2260
2261
2261
2261
2262
2308
2308
2310
2322
2325
2381
2381
2384
2386
2388
2388
2388
2388
2388
2388
2388
2388
2388
2388
2388
2388
2388
2388
2418
2418
2418
2418
2424
2424
2424
2424
2424
2424
2424
2427
2427
2429
2429
2429
2429
2431
2431
2431
2433
2435
2438
2438
2438
2439
2439
2439
2439
2439
2439
2439
2439
2439
2439
2439
2439
2439
2439
2439
2439
2439
2439
2439
2439
2439
