0
0
0
0
2020
2027
2038
2041
2041
2048
2049
2052
2057
2057
2059
2059
2060
2060
2074
2075
2077
2077
2093
2096
2096
2097
2100
2105
2107
2110
2116
2118
2120
2120
2120
2121
2131
2137
2140
2143
2151
2154
2154
2154
2163
2163
2165
2165
2165
2165
2182
2182
2185
2185
2192
2192
2194
2195
2195
2222
2222
2222
2223
2223
2223
2223
2223
2223
2223
2223
2223
2230
2232
2232
2232
2232
2233
2233
2233
2233
2238
2238
2238
2239
2239
2239
2242
2242
2242
2242
2243
2245
2245
2245
2247
2247
2248
2248
2248
2248
2251
2251
2253
2253
2253
2253
2253
2253
2253
2253
2254
2254
2254
2254
2254
2254
2254
2254
2254
2254
2254
2254
2254
2254
2254
2254
2254
2254
2254
2254
2254
2254
2254
2254
2254
2254
2254
2254
2254
2254
2254
2254
2254
2254
2254
2254
2254
2254
2254
2254
2254
2254
