0
0
0
0
1970
1962
2022
2049
2074
2074
2074
2075
2077
2077
2077
2080
2080
2169
2170
2253
2253
2256
2256
2259
2260
2260
2261
2261
2261
2264
2264
2264
2264
2264
2264
2265
2265
2265
2266
2268
2269
2269
2269
2269
2272
2272
2274
2275
2275
2324
2326
2326
2328
2328
2331
2334
2337
2337
2337
2337
2337
2337
2337
2337
2442
2444
2446
2446
2447
2447
2447
2447
2449
2451
2451
2454
2454
2457
2460
2463
2463
2463
2463
2463
2466
2466
2466
2466
2466
2474
2474
2474
2474
2474
2474
2475
2475
2475
2475
2479
2481
2481
2481
2481
2483
2483
2483
2485
2485
2485
2485
2487
2487
2487
2487
2487
2487
2487
2487
2487
2487
2487
2487
2487
2487
2487
2487
2487
2487
2487
2487
2487
2487
2487
2487
2487
2487
2487
2487
2487
2487
2487
2487
2487
2487
2487
2487
2487
2487
2487
2487
2487
2487
2487
2487
2487
2487
2487
2487
2487
2487
2487
2487
2487
2487
2487
2487
2487
2487
2487
2487
2487
2487
2487
2487
2487
2487
2487
2487
2487
2487
2487
2487
2487
2487
2487
2487
2487
2487
2487
2487
2487
2487
2487
2487
2487
2487
2487
2487
2487
2487
2487
2487
2487
2487
2487
2487
