0
0
0
0
1919
2039
2039
2039
2039
2042
2042
2042
2042
2045
2047
2047
2066
2066
2160
2160
2160
2160
2163
2163
2166
2169
2181
2182
2182
2182
2185
2185
2185
2185
2187
2187
2189
2192
2192
2276
2276
2276
2276
2276
2276
2276
2276
2279
2279
2279
2279
2279
2280
2280
2280
2280
2283
2283
2283
2283
2285
2285
2287
2288
2288
2288
2288
2288
2411
2412
2412
2412
2414
2414
2416
2417
2417
2417
2417
2417
2417
2417
2417
2417
2417
2417
2417
2417
2417
2417
2417
2417
2417
2417
2417
2417
2417
2417
2417
2417
2417
2417
2417
2417
2417
2417
2417
2417
2417
2417
2417
2417
2417
2417
2417
2417
2417
2417
2417
2417
2417
2417
2417
2417
2417
2417
2417
2417
2417
2417
2417
2417
2417
2417
2417
2417
2417
2417
2417
2417
2417
2417
2417
2417
2417
2417
2417
2417
2417
2417
2417
2417
2417
2417
2417
2417
2417
2417
2417
2417
2417
2417
2417
2417
2417
2417
2417
2417
2417
2417
2417
2417
2417
2417
2417
2417
2417
2417
2417
2417
2417
2417
2417
2417
2417
2417
2417
2417
2417
2417
2417
2417
2417
2417
2417
2417
2417
2417
2417
2417
2417
2417
2417
2417
2417
2417
