0
0
0
0
1908
2068
2091
2091
2091
2092
2093
2093
2093
2153
2156
2156
2157
2157
2158
2164
2167
2168
2330
2330
2331
2331
2332
2332
2332
2332
2335
2337
2340
2341
2356
2356
2358
2359
2359
2422
2422
2423
2423
2423
2423
2423
2423
2423
2423
2445
2445
2445
2445
2445
2445
2450
2450
2450
2457
2457
2457
2458
2458
2458
2477
2477
2477
2477
2477
2477
2477
2477
2477
2477
2477
2477
2477
2477
2487
2487
2487
2487
2487
2487
2487
2487
2487
2487
2487
2487
2487
2487
2487
2487
2487
2487
2487
2487
2487
2487
2487
2487
2487
2487
2487
2487
2487
2487
