4466
4479
4516
4523
4569
4569
4569
4569
4571
4620
4620
4620
4620
4667
4788
4788
4788
4788
4788
4789
4789
4791
4791
4791
4791
4791
4791
4791
4792
4792
4792
4792
4842
4844
4851
4852
4854
4885
4885
4887
4887
4887
4890
4932
4932
4935
4938
4939
4939
4941
4941
5022
5022
5022
5026
5027
5027
5027
5093
5096
5115
5115
5116
5116
5198
5308
5308
5311
5313
5313
5313
5313
5313
5313
5411
5411
5411
5411
5411
5411
5411
5413
5416
5418
5418
5418
5419
5419
5419
5422
5425
5426
5426
5540
5540
5540
5540
5540
5540
5540
5541
5541
5542
5544
5564
5566
5566
5566
5566
5568
5568
5568
5634
5634
5634
5704
5704
5727
5805
5808
5808
5808
5808
5808
5817
5818
5820
5841
5841
5853
5853
5895
5897
5897
5965
5965
5965
5968
5968
5974
5974
5974
5974
5974
6007
6007
6030
6034
6034
6082
6085
6085
6085
6158
6158
6159
6162
6199
6204
6215
6217
6217
6253
6254
6262
6262
6263
6266
6266
6270
6272
6368
6396
6396
6399
6416
6416
6455
6455
6462
6464
6464
6507
6508
6510
6510
6511
6511
6511
6548
6549
6549
6549
6549
6549
6570
6570
6570
6570
6570
6570
6570
6570
6570
6570
6570
6570
6795
6795
6795
6795
6795
6795
6795
6795
6845
6845
6845
6895
6895
6895
6895
6895
6895
6957
6957
6957
6957
7003
7003
7003
7050
7050
7050
7050
7050
7050
7050
7050
7050
7160
7160
7160
7160
7160
7160
7160
7160
7256
7256
7256
7256
7256
7256
7256
7256
7256
7256
7391
7391
7391
7391
7391
7424
7424
7424
7424
7424
7473
7473
7473
7473
7473
7473
7473
7565
7565
7565
7565
7565
7565
7607
7607
7607
7607
7607
7607
7696
7696
7696
7696
7696
7696
7696
7740
7740
7740
7740
7895
7895
7895
7895
7895
7895
7895
7895
7895
7900
7900
7935
7935
7935
7935
7935
7935
7977
8014
8015
8015
8015
8015
8015
8089
8089
8089
8093
8094
8096
8096
8096
8110
8111
8123
8128
8144
8158
8160
8167
8169
8177
8194
8200
8211
8230
8231
8242
8259
8259
8266
8272
8294
8294
8298
8318
8322
8322
8332
8351
8359
8367
8370
8390
8397
8397
8415
8415
8425
8440
8443
8450
8455
8469
8483
8486
8494
8494
8508
8508
8525
8541
8541
8548
8548
8564
8564
8581
8595
8595
8609
8609
8620
8633
8633
8633
8642
8652
8659
8671
8681
8684
8685
8704
8704
8717
8720
8730
8738
8738
8740
8750
8759
8762
8765
8787
8799
8804
8804
8818
8822
8824
8826
8839
8848
8858
8861
8861
8877
8877
8889
8894
8901
8902
8913
8913
8913
8932
8937
8937
8938
8938
8943
8964
8964
8966
8977
8983
8983
8983
8989
9011
9021
9022
9025
9027
9059
9059
9059
9059
9059
9059
9059
9059
