4466
4476
4597
4597
4645
4648
4648
4648
4650
4652
4652
4652
4691
4693
4814
4814
4817
4817
4817
4819
4822
4822
4822
4867
4867
4899
4901
4901
4953
4953
4953
4957
4958
4959
4959
4961
4984
5031
5031
5039
5095
5095
5097
5108
5118
5163
5198
5206
5208
5208
5208
5208
5285
5285
5287
5291
5292
5292
5295
5329
5329
5365
5365
5366
5368
5449
5449
5460
5463
5466
5469
5482
5482
5549
5553
5583
5583
5583
5585
5619
5622
5824
5827
5827
5827
5827
5828
5828
5829
5829
5832
5833
5833
5835
5835
5836
5840
5851
5880
5883
5906
5906
5957
5957
5958
6060
6061
6064
6064
6066
6066
6069
6069
6105
6105
6129
6151
6151
6152
6156
6159
6159
6161
6169
6240
6240
6240
6268
6268
6268
6268
6268
6339
6339
6339
6395
6397
6397
6397
6397
6407
6446
6448
6448
6450
6464
6464
6467
6498
6498
6609
6612
6614
6614
6644
6644
6646
6648
6651
6674
6695
6695
6739
6744
6744
6746
6746
6746
6825
6850
6850
6851
6851
6853
6853
6894
6913
6913
6959
6961
6963
6970
6972
7169
7169
7169
7169
7169
7169
7172
7172
7172
7174
7174
7177
7177
7178
7179
7179
7211
7410
7411
7411
7411
7413
7413
7413
7413
7413
7415
7417
7420
7420
7420
7420
7420
7420
7422
7424
7439
7441
7490
7490
7496
7517
7520
7520
7520
7521
7592
7592
7592
7622
7865
7865
7867
7868
7868
7871
7874
7874
7877
7880
7882
7885
7885
7885
7885
7885
7885
7885
7888
7889
7891
7894
7991
7993
7993
7996
7996
7996
7996
7996
7996
7997
8014
8014
8025
8028
8031
8034
8036
8039
8052
8052
8052
8052
8094
8094
8112
8174
8174
8174
8203
8223
8223
8229
8241
8261
8263
8264
8266
8299
8299
8299
8322
8322
8322
8322
8322
8345
8369
8370
8372
8372
8385
8388
8453
8461
8462
8462
8464
8465
8465
8465
8465
8466
8521
8546
8547
8547
8548
8548
8548
8548
8550
8550
8550
8550
8592
8592
8594
8594
8607
8632
8632
8634
8634
8634
8634
8634
8634
8700
8700
8730
8732
8732
8905
8906
8909
8909
8909
8911
8914
8914
8914
8914
8917
8917
8919
8919
8919
8919
8920
8923
8924
8924
8924
8924
8932
8935
8935
8935
8935
9001
9001
9001
9002
9172
9172
9172
9172
9172
9172
9172
9174
9174
9174
9174
9174
9174
9174
9174
9176
9176
9179
9180
9180
9181
9184
9185
9185
9187
9187
9312
9312
9312
9312
9312
9312
9312
9316
9316
9316
9316
9316
9316
9316
9316
9316
9316
9352
9352
9352
9352
9354
9413
9413
9413
9413
9414
9415
9421
9421
9431
9433
9455
9456
9456
9459
9459
9483
9493
9493
9496
9497
9497
9497
9497
9497
9516
9542
9543
9543
9551
9551
9571
9579
9579
9580
9580
9580
9602
9605
9605
9605
9605
9634
9634
9634
9663
9663
9665
9665
9665
9665
9665
9665
9665
9679
9696
9697
9697
9764
9764
9766
9766
9766
9766
9766
9773
9773
9775
9788
9788
9793
9793
9793
9794
9802
9817
9817
9818
9818
9822
9823
9823
9823
9823
9823
9867
9867
9867
9871
9871
9871
9871
9926
9928
9930
9933
9933
9933
9933
9939
9939
9939
9939
9939
9965
9965
9973
9973
9980
9980
9981
9990
9992
9992
9994
9994
9994
9994
9995
9995
9995
9995
9995
9995
10031
10031
10052
10054
10116
10116
10118
10118
10118
10118
10118
10118
10119
10119
10122
10122
10122
10125
10125
10126
10126
10126
10129
10130
10131
10132
10132
10134
10134
10134
10135
10138
10139
10139
10139
10139
10139
10139
10139
10140
10140
10145
10145
10147
10150
10158
10160
10163
10164
10166
10166
10173
10174
10181
10181
10183
10198
10200
10202
10203
10204
10211
10211
10214
10221
10225
10226
10226
10227
10237
10244
10246
10248
10248
10250
10252
10252
10253
10265
10265
10266
10266
10266
10276
10285
10288
10288
10291
10293
10298
10301
10301
10302
10304
10312
10315
10315
10318
10319
10320
10321
10327
10327
10328
10328
10330
10345
10348
10351
10353
10355
10358
10360
10363
10366
10366
10368
10368
10370
10377
10377
10381
10381
10385
10387
10387
10390
10390
10394
10394
10397
10397
10405
10408
10408
10414
10416
10416
10417
10417
10417
10417
10419
10419
10420
10432
10432
10434
10434
10445
10445
10446
10446
10446
10449
10450
10452
10454
10456
10456
10457
10459
10459
10473
10473
10473
10478
10480
10480
10486
10487
10487
10490
10492
10495
10497
10498
10500
10500
10502
10506
10507
10507
10507
10507
10510
10510
10510
10513
10514
10517
10519
10525
10527
10529
10529
10529
10529
10532
10533
10533
10535
10539
10546
10546
10546
10546
10546
10549
10549
10549
10549
10549
10559
10562
10562
10562
10562
10562
10562
10563
10563
10563
10563
10575
10577
10578
10578
10579
10582
10584
10584
10584
10587
10587
10587
10587
10587
10587
10587
10587
10587
10587
10587
10587
10587
10587
10587
10587
10587
10587
