4466
4565
4576
4623
4623
4623
4623
4623
4667
4669
4721
4728
4730
4730
4730
4757
4757
4759
4759
4761
4762
4832
4849
4849
4850
4851
4875
4886
4886
4926
4928
4928
4979
4997
4997
4999
5001
5035
5035
5035
5051
5053
5053
5056
5141
5143
5143
5143
5284
5284
5284
5286
5286
5287
5288
5288
5289
5289
5289
5289
5353
5353
5363
5363
5366
5381
5381
5431
5463
5463
5463
5466
5467
5467
5542
5542
5542
5544
5546
5601
5604
5604
5604
5800
5801
5801
5801
5801
5801
5802
5805
5805
5805
5805
5808
5808
5836
5837
5865
5865
5888
5888
5891
5891
5893
5922
5925
5925
5927
5949
5980
6022
6022
6022
6035
6079
6079
6079
6205
6205
6205
6205
6208
6211
6211
6216
6242
6242
6242
6242
6275
6275
6275
6288
6291
6291
6352
6352
6391
6392
6409
6447
6447
6447
6465
6465
6656
6657
6657
6658
6686
6686
6686
6688
6841
6841
6841
6841
6844
6844
6847
6848
6848
6849
6849
6849
6850
6850
6850
6852
6854
6857
6858
6858
6858
6894
7049
7050
7050
7050
7050
7051
7053
7053
7054
7057
7060
7060
7060
7062
7062
7063
7107
7107
7126
7126
7133
7133
7133
7134
7157
7210
7211
7217
7247
7455
7455
7457
7457
7457
7457
7457
7457
7457
7458
7458
7458
7458
7460
7461
7463
7465
7467
7469
7552
7555
7569
7593
7593
7593
7593
7593
7593
7631
7631
7633
7635
7637
7667
7667
7702
7702
7738
7738
7738
7738
7807
7807
7809
7812
7812
7875
7875
7877
7915
7949
7951
7952
7953
7963
8008
8008
8008
8008
8008
8055
8055
8058
8060
8063
8063
8065
8065
8088
8089
8120
8148
8150
8153
8260
8263
8263
8263
8266
8266
8266
8266
8267
8267
8318
8321
8321
8382
8385
8385
8385
8386
8386
8387
8387
8388
8422
8422
8454
8454
8454
8454
8466
8466
8521
8521
8521
8560
8560
8560
8560
8560
8560
8560
8560
8560
8560
8657
8684
8684
8686
8686
8694
8720
8720
8720
8720
8720
8720
8720
8720
8720
8720
8939
8941
8941
8941
8943
8943
8943
8946
8946
8946
8946
8946
8946
8946
8946
8946
8946
8946
8946
8946
8946
9061
9061
9061
9061
9077
9078
9177
9177
9177
9205
9205
9206
9206
9206
9209
9209
9209
9322
9322
9322
9322
9324
9324
9324
9324
9324
9325
9326
9328
9328
9330
9330
9333
9333
9342
9382
9383
9383
9383
9386
9386
9386
9386
9424
9424
9424
9424
9424
9424
9518
9518
9518
9518
9540
9553
9555
9653
9653
9653
9653
9653
9653
9653
9703
9704
9704
9706
9706
9706
9706
9783
9783
9783
9784
9787
9787
9787
9787
9787
9793
9793
9795
9795
9795
9795
9795
9805
9805
9805
9823
9823
9823
9823
9823
9823
9823
9853
9853
9853
9953
9956
9958
9958
9958
9958
9958
9958
9974
10004
10004
10004
10007
10007
10007
10007
10007
10007
10041
10043
10043
10043
10043
10043
10086
10086
10095
10095
10095
10116
10116
10116
10125
10134
10134
10134
10153
10153
10153
10153
10153
10153
10153
10193
10193
10193
10193
10193
10193
10204
10204
10204
10204
10204
10263
10263
10263
10285
10285
10285
10285
10285
10288
10288
10290
10290
10290
10290
10290
10313
10317
10319
10319
10319
10337
10337
10341
10354
10355
10357
10361
10363
10368
10371
10376
10392
10392
10399
10405
10411
10429
10432
10435
10437
10447
10447
10458
10463
10466
10467
10469
10475
10484
10486
10486
10487
10492
10492
10512
10515
10515
10515
10528
10546
10546
10548
10548
10548
10556
10566
10579
10579
10583
10583
10583
10595
10595
10599
10612
10614
10622
10622
10622
10622
10625
10626
10628
10655
10655
10663
10665
10665
10665
10677
10686
10686
10686
10695
10695
10697
10697
10697
10715
10715
10719
10731
10731
10731
10734
10734
10751
10752
10752
10754
10756
10768
10768
10770
10776
10776
10778
10793
10796
10799
10805
10807
10812
10812
10816
10822
10825
10830
10830
10838
10838
10844
10845
10848
10855
10855
10855
10855
10855
10855
10869
10877
10878
10881
10884
10884
10884
10885
10886
10901
10911
10913
10914
10914
10920
10922
10926
10926
10926
10926
10927
10937
10947
10949
10952
10956
10956
10956
10956
10957
10957
10962
10976
10976
10976
10986
10989
10992
10992
10992
10995
10995
10995
10995
10995
10997
11006
11022
11024
11024
11025
11027
11029
11029
11037
11037
11037
11047
11049
11050
11054
11055
11055
11055
11062
11065
11067
11069
11071
11071
11073
11073
11074
11078
11080
11080
11082
11084
11087
11087
11095
11095
11095
11095
11095
11095
11095
11095
