4466
4489
4535
4577
4578
4580
4618
4689
4692
4726
4735
4735
4801
4809
4809
4849
4873
4883
4907
4941
4979
4979
5006
5019
5082
5083
5157
5205
5207
5251
5253
5254
5291
5379
5385
5434
5457
5457
5469
5510
5587
5616
5636
5675
5685
5685
5773
5773
5779
5817
5876
5931
5942
5979
5987
6006
6055
6108
6140
6158
6188
6254
6271
6286
6318
6374
6400
6438
6482
6482
6503
6546
6617
6617
6659
6659
6659
6659
6659
6790
6790
6790
6790
6934
6934
6934
6934
6934
6934
6934
7133
7196
7196
7196
7272
7272
7272
7272
7272
7432
7432
7432
7432
7432
7432
7432
7432
7432
7432
7432
7432
7759
7765
7793
7793
7793
7793
7793
7793
7793
7793
7793
7793
7793
7793
8111
8112
8154
8154
8165
8183
8211
8233
8252
8266
8297
8316
8330
8346
8374
8384
8411
8432
8449
8464
8473
8489
8517
8531
8544
8562
8577
8591
8606
8628
8652
8668
8680
8689
8703
8727
8732
8743
8763
8770
8796
8797
8808
8831
8841
8858
8865
8882
8893
8899
8978
8978
8978
8978
8978
8978
8978
8978
