4466
4500
4550
4550
4556
4559
4561
4679
4679
4679
4679
4681
4681
4683
4683
4767
4767
4770
4780
4796
4799
4800
4908
4908
4910
4910
4910
4910
4919
4922
4926
4926
4931
4932
4989
4989
4989
4991
4991
4991
5034
5068
5068
5070
5070
5114
5114
5116
5123
5170
5173
5173
5230
5232
5232
5234
5260
5260
5362
5362
5362
5362
5362
5362
5362
5396
5396
5399
5401
5403
5403
5403
5412
5413
5413
5414
5476
5504
5504
5504
5506
5528
5528
5528
5581
5595
5657
5657
5657
5801
5801
5801
5899
5901
5902
5902
5902
5902
5905
5905
5905
5905
5906
5907
5907
5907
5909
5910
5941
5960
5960
5963
5966
6011
6032
6032
6034
6036
6036
6036
6083
6085
6120
6135
6136
6146
6146
6146
6146
6146
6146
6208
6210
6223
6224
6224
6263
6264
6340
6341
6341
6341
6386
6553
6553
6554
6556
6557
6557
6557
6557
6557
6560
6560
6560
6562
6565
6565
6724
6724
6724
6726
6726
6728
6730
6730
6730
6730
6730
6730
6731
6750
6750
6750
6819
6819
6822
6858
6860
6860
6861
7073
7075
7075
7077
7078
7081
7084
7084
7084
7084
7084
7084
7084
7086
7086
7088
7088
7089
7091
7091
7091
7157
7158
7158
7218
7218
7218
7238
7239
7239
7244
7308
7309
7312
7312
7345
7345
7348
7350
7393
7393
7452
7452
7454
7454
7457
7457
7457
7562
7565
7565
7566
7568
7568
7594
7594
7594
7710
7710
7713
7713
7713
7713
7713
7715
7717
7717
7717
7720
7763
7763
7766
7767
7767
7828
7843
7843
7843
7843
7843
7899
7902
7902
7905
7907
7907
7929
7932
7934
7953
7969
8009
8012
8065
8066
8101
8321
8323
8323
8326
8326
8329
8329
8329
8332
8334
8334
8334
8336
8339
8339
8341
8342
8342
8345
8345
8345
8350
8350
8350
8352
8352
8352
8352
8352
8352
8352
8352
8352
8352
8352
8352
8352
8352
8352
8352
8352
8476
8476
8479
8479
8523
8523
8545
8545
8545
8579
8580
8580
8580
8580
8603
8603
8649
8672
8672
8672
8672
8672
8672
8672
8672
8672
8672
8672
8672
8672
8794
8794
8794
8794
8794
8794
8856
8874
8874
8874
8876
8882
8896
8896
8896
8896
8896
8970
8970
8970
8970
8970
8970
8970
8970
8970
8970
9047
9047
9047
9047
9068
9071
9071
9122
9123
9123
9123
9123
9123
9123
9123
9123
9123
9123
9180
9180
9236
9240
9240
9240
9240
9240
9240
9240
9240
9294
9294
9295
9295
9295
9295
9295
9295
9295
9295
9295
9386
9386
9386
9386
9388
9483
9483
9483
9486
9486
9564
9564
9564
9564
9564
9564
9564
9564
9567
9567
9570
9571
9571
9571
9580
9580
9580
9580
9580
9621
9621
9621
9621
9621
9621
9621
9680
9680
9680
9680
9680
9801
9801
9801
9801
9801
9801
9801
9801
9801
9801
9801
9801
9801
9801
9806
9812
9812
9837
9837
9837
9837
9837
9886
9886
9886
9886
9889
9889
9889
9889
9895
9937
9937
9937
9937
9937
9937
9937
9937
9974
9974
9974
9976
10093
10095
10095
10095
10095
10098
10098
10098
10098
10098
10107
10107
10107
10107
10107
10107
10107
10107
10109
10110
10110
10111
10111
10112
10112
10112
10112
10112
10119
10123
10123
10125
10130
10130
10131
10157
10157
10160
10160
10162
10175
10175
10180
10198
10198
10198
10199
10199
10217
10217
10231
10234
10235
10240
10244
10256
10258
10258
10260
10262
10268
10280
10282
10288
10291
10296
10309
10311
10312
10328
10328
10332
10340
10342
10342
10352
10352
10352
10355
10374
10374
10374
10381
10381
10381
10381
10404
10404
10407
10407
10421
10421
10424
10431
10432
10435
10435
10435
10440
10451
10461
10461
10465
10476
10476
10479
10481
10481
10493
10493
10496
10510
10513
10513
10517
10521
10521
10521
10523
10525
10528
10531
10532
10550
10550
10550
10563
10571
10571
10571
10572
10585
10585
10588
10588
10588
10593
10601
10604
10604
10604
10617
10617
10617
10622
10622
10625
10640
10645
10645
10645
10652
10652
10657
10664
10664
10664
10669
10669
10669
10669
10681
10682
10686
10695
10695
10695
10695
10698
10708
10709
10710
10717
10717
10719
10721
10724
10727
10728
10739
10742
10744
10744
10745
10746
10749
10749
10749
10765
10766
10766
10776
10777
10777
10777
10777
10780
10780
10781
10792
10798
10801
10806
10806
10809
10810
10810
10810
10819
10819
10824
10824
10824
10824
10828
10829
10829
10832
10833
10833
10847
10850
10850
10852
10855
10855
10855
10857
10860
10860
10863
10863
10863
10863
10863
10863
10863
10863
