4466
4470
4590
4590
4590
4599
4602
4610
4610
4615
4644
4644
4644
4644
4704
4704
4705
4705
4706
4709
4733
4733
4736
4736
4750
4813
4813
4813
4821
4821
4821
4853
4854
5075
5075
5075
5075
5078
5079
5079
5079
5080
5080
5080
5083
5083
5086
5086
5088
5090
5090
5090
5090
5090
5090
5101
5131
5248
5248
5248
5248
5248
5248
5248
5248
5250
5252
5252
5252
5253
5253
5253
5253
5253
5253
5253
5428
5428
5428
5428
5428
5429
5429
5429
5444
5556
5559
5559
5559
5626
5626
5626
5626
5626
5628
5628
5630
5630
5633
5636
5639
5641
5642
5644
5661
5663
5666
5729
5731
5733
5733
5764
5791
5791
5791
5791
5812
5815
5859
5861
5884
5895
5917
5926
5926
5926
5932
5933
5934
5934
5942
5953
6044
6044
6070
6070
6070
6072
6072
6112
6114
6120
6120
6186
6340
6343
6343
6343
6343
6343
6343
6485
6485
6488
6488
6489
6489
6490
6490
6493
6496
6498
6498
6498
6501
6503
6506
6506
6512
6517
6517
6525
6604
6604
6604
6604
6604
6606
6646
6646
6649
6687
6687
6687
6690
6690
6691
6694
6715
6715
6715
6715
6715
6715
6715
6821
6821
6821
6821
6885
6885
6885
6885
6885
6941
6941
6941
6941
6941
6941
6941
6941
6941
6941
6941
6941
6941
7103
7103
7106
7106
7106
7106
7106
7106
7106
7106
7106
7106
7106
7106
7106
7106
7106
7106
7106
7106
7106
7106
7106
7106
7395
7409
7462
7462
7462
7462
7462
7462
7462
7462
7462
7462
7462
7462
7462
7462
7462
7462
7669
7669
7689
7690
7690
7690
7744
7744
7744
7744
7747
7747
7747
7747
7747
7747
7747
7747
7747
7747
7932
7932
7932
7932
7932
7932
7932
7932
7932
8033
8033
8033
8033
8033
8049
8103
8108
8108
8131
8133
8133
8133
8240
8240
8240
8240
8240
8240
8240
8250
8250
8250
8250
8250
8359
8359
8359
8359
8413
8413
8413
8413
8413
8417
8417
8417
8417
8464
8464
8464
8467
8467
8467
8468
8482
8502
8518
8518
8535
8541
8541
8562
8576
8579
8593
8611
8614
8620
8620
8642
8658
8659
8673
8679
8697
8697
8711
8721
8725
8741
8751
8764
8764
8770
8796
8796
8799
8804
8830
8843
8843
8843
8848
8869
8879
8886
8900
8900
8907
8914
8921
8937
8955
8955
8970
8987
8989
8997
8997
9002
9007
9036
9045
9053
9063
9063
9067
9074
9093
9095
9104
9113
9113
9130
9139
9140
9144
9156
9174
9180
9180
9192
9192
9193
9201
9226
9228
9228
9245
9260
9263
9263
9275
9277
9293
9293
9307
9307
9322
9322
9331
9345
9345
9358
9367
9368
9377
9377
9383
9396
9396
9396
9412
9420
9420
9420
9427
9442
9442
9457
9457
9459
9480
9484
9485
9487
9511
9511
9513
9515
9525
9559
9559
9559
9559
9559
9559
9559
9559
