4466
4484
4548
4570
4599
4599
4634
4678
4691
4718
4718
4752
4796
4798
4846
4847
4867
4882
4925
4927
4990
5015
5073
5077
5105
5105
5260
5260
5260
5358
5358
5361
5364
5393
5408
5426
5470
5498
5498
5546
5551
5620
5679
5679
5679
5707
5796
5799
5805
5890
5907
5907
5924
5994
6045
6075
6078
6143
6143
6191
6212
6225
6312
6312
6361
6361
6409
6450
6513
6513
6522
6571
6642
6643
6668
6696
6696
6696
6696
6863
6863
6863
6863
6863
6993
6993
6993
6993
7130
7130
7130
7203
7203
7203
7203
7203
7203
7401
7444
7444
7485
7520
7537
7561
7588
7588
7588
7588
7588
7588
7588
7588
7588
7588
7588
7588
7937
7969
7969
7969
7969
7969
7969
7969
8130
8155
8155
8221
8221
8221
8221
8281
8292
8327
8336
8358
8382
8401
8422
8444
8463
8483
8509
8529
8548
8567
8579
8596
8613
8642
8659
8679
8684
8715
8728
8743
8751
8779
8793
8813
8826
8839
8858
8871
8882
8888
8914
8924
8931
8945
8966
8977
8994
9002
9013
9022
9039
9044
9059
9141
9141
9141
9141
9141
9141
9141
9141
