4466
4473
4516
4561
4585
4591
4606
4606
4636
4636
4668
4711
4711
4713
4715
4718
4746
4746
4785
4928
4929
4931
4931
4931
4931
4932
4932
4932
4935
4938
4939
4939
4977
4979
4979
4979
4979
5019
5030
5030
5070
5070
5070
5070
5073
5073
5073
5076
5110
5110
5179
5184
5221
5223
5233
5233
5233
5234
5252
5252
5252
5268
5378
5392
5392
5392
5394
5397
5411
5411
5411
5414
5463
5466
5564
5564
5564
5564
5564
5564
5567
5569
5570
5614
5615
5615
5617
5673
5673
5673
5802
5802
5802
5802
5802
5802
5805
5805
5805
5806
5807
5831
5831
5831
5834
5894
6022
6025
6028
6031
6033
6033
6035
6038
6038
6039
6039
6042
6042
6043
6054
6056
6068
6112
6114
6122
6146
6146
6146
6146
6161
6182
6219
6220
6220
6222
6250
6252
6252
6258
6340
6342
6342
6369
6386
6386
6414
6416
6416
6656
6656
6656
6656
6659
6659
6659
6661
6661
6661
6661
6661
6664
6778
6780
6781
6784
6786
6786
6786
6787
6788
6791
6791
6792
6792
6795
6795
6796
6797
6801
6801
6804
6807
6856
6856
6863
7043
7043
7043
7046
7046
7048
7049
7049
7070
7070
7070
7072
7072
7073
7075
7078
7079
7079
7079
7110
7110
7110
7112
7112
7177
7177
7177
7177
7202
7202
7202
7238
7239
7239
7296
7296
7419
7421
7422
7422
7422
7422
7422
7608
7608
7608
7610
7613
7615
7615
7618
7618
7620
7623
7623
7623
7626
7628
7628
7628
7628
7628
7630
7631
7632
7656
7659
7659
7659
7659
7661
7664
7664
7701
7701
7702
7702
7704
7766
7772
7845
7845
7848
7848
7848
7848
7848
7848
7850
7852
7852
7897
7897
7899
7909
7909
7911
7912
7913
7930
7930
7932
7988
7990
7993
8036
8036
8048
8048
8050
8053
8053
8053
8094
8095
8114
8149
8149
8151
8151
8154
8231
8231
8233
8233
8233
8236
8268
8268
8268
8272
8274
8274
8274
8274
8298
8298
8299
8299
8301
8301
8301
8301
8313
8394
8394
8394
8394
8395
8395
8395
8396
8396
8396
8436
8436
8436
8597
8597
8597
8597
8597
8597
8597
8598
8601
8601
8601
8603
8621
8621
8624
8624
8624
8624
8624
8734
8737
8737
8737
8737
8737
8740
8743
8743
8743
8744
8744
8744
8744
8745
8852
8852
8852
8852
8852
8857
8857
8859
8859
8862
8862
8862
8862
8862
8862
8862
8862
8862
8862
8875
8883
9011
9012
9014
9014
9014
9042
9042
9042
9042
9042
9043
9046
9046
9049
9051
9051
9051
9051
9051
9051
9051
9051
9051
9051
9130
9130
9130
9130
9133
9135
9135
9135
9135
9137
9139
9139
9139
9139
9139
9140
9147
9158
9161
9161
9161
9161
9175
9175
9203
9203
9203
9213
9216
9216
9216
9216
9249
9251
9251
9254
9254
9254
9254
9280
9381
9384
9439
9439
9439
9442
9442
9445
9446
9447
9447
9447
9447
9452
9452
9452
9452
9452
9454
9457
9458
9458
9458
9458
9462
9462
9463
9463
9465
9465
9468
9470
9470
9471
9471
9471
9471
9471
9471
9491
9491
9491
9667
9667
9667
9667
9667
9667
9675
9676
9676
9676
9676
9676
9676
9676
9676
9676
9678
9678
9678
9678
9678
9678
9680
9680
9680
9680
9680
9680
9680
9686
9687
9689
9689
9692
9695
9697
9711
9711
9711
9717
9717
9717
9717
9717
9720
9720
9720
9720
9724
9724
9828
9828
9830
9830
9836
9836
9836
9837
9837
9837
9837
9837
9841
9842
9842
9843
9843
9843
9843
9843
9843
9843
9843
9846
9846
9849
9852
9852
9854
9854
9854
9854
9857
9857
9858
9858
9858
9858
9858
9861
9861
9861
9861
9861
9864
9864
9864
9864
9864
9866
9866
9869
9869
9870
9871
9871
9871
9871
9873
9873
9875
9875
9876
9877
9880
9880
9883
9889
9892
9893
9907
9908
9908
9910
9910
9910
9911
9918
9918
9918
9921
9937
9937
9937
9942
9942
9942
9942
9942
9943
9943
9959
9963
9968
9968
9968
9970
9971
9971
9983
9984
9986
9987
9987
9988
9989
9989
10001
10001
10001
10001
10005
10005
10009
10013
10013
10023
10025
10026
10026
10034
10036
10036
10036
10037
10038
10038
10042
10043
10046
10055
10055
10055
10055
10057
10061
10062
10063
10072
10072
10072
10075
10075
10083
10085
10086
10086
10086
10087
10087
10089
10089
10092
10093
10096
10096
10096
10110
10112
10112
10114
10115
10115
10115
10118
10124
10125
10128
10129
10131
10131
10132
10133
10133
10133
10133
10136
10138
10140
10140
10140
10143
10143
10152
10153
10156
10156
10159
10160
10160
10160
10162
10163
10170
10171
10171
10173
10174
10174
10177
10177
10179
10184
10186
10188
10190
10192
10193
10194
10196
10196
10196
10196
10203
10203
10204
10205
10205
10205
10207
10207
10209
10212
10212
10212
10215
10216
10216
10216
10219
10219
10219
10221
10221
10223
10223
10223
10226
10226
10226
10228
10228
10228
10228
10228
10228
10228
10228
10228
10228
10228
10228
