4466
4523
4523
4527
4578
4581
4587
4671
4671
4671
4729
4747
4748
4752
4782
4851
4852
4904
4907
4950
4955
4955
5003
5047
5064
5065
5122
5122
5178
5189
5248
5281
5281
5281
5301
5361
5372
5423
5479
5482
5512
5513
5588
5606
5621
5683
5683
5685
5772
5773
5779
5844
5844
5922
5924
5955
6021
6021
6068
6086
6087
6263
6264
6264
6264
6275
6275
6332
6334
6381
6406
6420
6500
6543
6545
6565
6601
6601
6601
6673
6673
6673
6776
6776
6776
6776
6776
6776
6956
6956
6956
6956
6956
6956
7143
7177
7189
7234
7265
7324
7325
7325
7325
7325
7325
7325
7325
7492
7492
7544
7594
7594
7594
7644
7644
7644
7644
7644
7776
7793
7828
7828
7828
7828
7828
7828
7828
7828
7828
7828
7828
8073
8073
8073
8073
8148
8176
8190
8213
8229
8243
8263
8288
8301
8324
8339
8358
8377
8391
8420
8434
8456
8460
8475
8493
8516
8526
8551
8560
8571
8594
8606
8619
8638
8651
8668
8676
8695
8708
8715
8724
8750
8750
8769
8778
8793
8802
8814
8821
8834
8853
8855
8936
8936
8936
8936
8936
8936
8936
8936
