4466
4602
4602
4603
4631
4647
4653
4653
4680
4682
4874
4874
4874
4874
4876
4876
4878
4878
4880
4880
4880
4880
4880
4882
4889
4890
4891
4917
4917
4917
4917
4920
4960
5005
5008
5009
5010
5012
5044
5044
5044
5044
5044
5117
5119
5122
5172
5384
5385
5385
5385
5385
5387
5389
5389
5389
5389
5391
5391
5391
5391
5391
5391
5391
5391
5391
5391
5391
5391
5394
5422
5422
5462
5491
5491
5498
5540
5542
5542
5542
5542
5602
5622
5622
5622
5625
5625
5625
5701
5703
5703
5705
5707
5707
5788
5791
5816
5816
5818
5820
5821
5842
5844
5844
5903
6036
6037
6039
6041
6041
6041
6043
6043
6043
6043
6043
6062
6063
6063
6063
6072
6072
6125
6125
6176
6177
6178
6218
6219
6222
6246
6249
6278
6279
6287
6287
6295
6298
6309
6335
6335
6336
6379
6379
6379
6424
6424
6424
6427
6427
6506
6506
6506
6506
6552
6559
6559
6560
6562
6564
6626
6626
6661
6661
6661
6661
6661
6661
6667
6679
6682
6682
6732
6796
6807
6807
6807
6841
6844
6846
6846
6848
6891
6998
6999
6999
7000
7083
7083
7083
7083
7083
7083
7085
7085
7085
7087
7087
7089
7089
7089
7089
7108
7111
7128
7128
7173
7184
7207
7207
7359
7359
7361
7362
7362
7364
7366
7366
7368
7368
7368
7370
7371
7371
7372
7403
7403
7403
7435
7435
7435
7435
7438
7502
7518
7518
7518
7518
7519
7520
7521
7563
7611
7611
7611
7611
7611
7611
7639
7677
7677
7678
7681
7727
7727
7727
7729
7737
7737
7737
7779
7779
7827
7827
7829
7831
7831
7853
7870
7870
7871
7873
7875
7876
7876
7876
7906
7907
7939
7993
7993
7993
7993
8007
8007
8007
8009
8083
8083
8083
8083
8083
8109
8112
8112
8112
8112
8171
8171
8190
8190
8221
8221
8221
8221
8252
8263
8263
8265
8298
8298
8311
8314
8314
8317
8318
8318
8389
8390
8392
8392
8392
8392
8392
8392
8392
8398
8401
8401
8401
8407
8407
8407
8407
8407
8407
8424
8476
8522
8523
8523
8523
8523
8535
8535
8535
8535
8535
8535
8535
8535
8602
8602
8602
8603
8603
8603
8645
8663
8663
8672
8672
8672
8716
8716
8718
8720
8734
8734
8765
8767
8767
8769
8771
8784
8785
8787
8817
8817
8817
8832
8850
8850
8862
8873
8873
8873
8873
8875
8908
8974
8974
8974
8976
8976
8976
8979
8979
8979
8984
8984
8993
8993
8999
8999
8999
9010
9010
9010
9010
9049
9057
9059
9059
9059
9059
9059
9059
9104
9104
9104
9104
9137
9211
9212
9212
9212
9215
9215
9215
9215
9215
9215
9218
9218
9218
9222
9330
9330
9332
9334
9334
9334
9335
9336
9336
9336
9337
9340
9340
9340
9343
9345
9347
9347
9347
9351
9351
9354
9354
9357
9357
9372
9381
9384
9384
9389
9400
9400
9408
9411
9411
9412
9412
9412
9464
9465
9467
9470
9470
9480
9493
9496
9496
9496
9498
9507
9507
9507
9620
9622
9622
9622
9624
9626
9626
9626
9633
9633
9633
9633
9633
9633
9633
9636
9636
9636
9638
9638
9639
9639
9639
9639
9647
9647
9647
9647
9661
9661
9679
9680
9680
9688
9690
9690
9692
9692
9692
9692
9692
9692
9778
9778
9778
9778
9778
9778
9778
9778
9778
9778
9779
9779
9785
9785
9785
9785
9788
9797
9799
9799
9799
9801
9802
9802
9802
9802
9802
9896
9898
9898
9898
9901
9901
9902
9902
9902
9905
9908
9908
9908
9908
9908
9908
9910
9910
9910
9910
9910
9910
9910
9910
9910
9913
9916
9916
9916
9918
9918
9918
9918
9921
9921
9923
9923
9923
9926
9926
9926
9927
9928
9928
9940
9940
9943
9945
9945
9947
9957
9965
9965
9965
9965
9967
9967
9980
9981
9981
9981
9992
9992
9995
9997
9999
9999
10002
10016
10019
10021
10021
10021
10024
10034
10034
10036
10039
10039
10039
10049
10053
10056
10056
10060
10063
10063
10063
10063
10063
10063
10065
10067
10067
10086
10089
10090
10090
10090
10091
10091
10093
10102
10102
10102
10105
10105
10105
10113
10114
10119
10124
10127
10127
10127
10130
10133
10133
10133
10133
10135
10150
10150
10152
10154
10157
10159
10162
10163
10163
10163
10164
10164
10177
10177
10177
10181
10181
10181
10183
10183
10186
10187
10188
10199
10201
10203
10203
10204
10204
10205
10211
10214
10214
10215
10215
10217
10219
10219
10223
10223
10226
10226
10226
10227
10227
10227
10235
10235
10235
10244
10245
10245
10245
10246
10247
10256
10256
10256
10258
10259
10262
10266
10270
10270
10270
10273
10273
10275
10277
10280
10280
10280
10282
10284
10284
10284
10284
10294
10297
10297
10300
10300
10300
10301
10301
10305
10306
10307
10309
10312
10315
10318
10318
10320
10323
10323
10323
10323
10325
10325
10325
10325
10328
10328
10328
10328
10329
10330
10330
10330
10330
10330
10330
10330
10330
10330
10330
10330
10330
10330
10330
10330
10330
