4466
4548
4589
4591
4592
4595
4595
4598
4599
4602
4605
4605
4641
4848
4849
4852
4852
4852
4852
4854
4855
4858
4860
4863
4863
4865
4865
4865
4865
4865
4868
4868
4868
4868
4868
4871
4871
4871
4891
4922
4922
4922
4925
4963
4963
4963
4963
4964
4967
5026
5027
5027
5050
5053
5056
5056
5057
5057
5057
5125
5125
5125
5136
5138
5186
5186
5187
5187
5214
5216
5216
5230
5231
5234
5235
5237
5294
5296
5302
5302
5350
5351
5352
5352
5397
5407
5409
5424
5439
5439
5440
5440
5440
5443
5443
5485
5485
5486
5486
5498
5548
5548
5552
5570
5570
5645
5645
5645
5676
5676
5676
5679
5711
5711
5712
5712
5724
5770
5770
5771
5780
5794
5819
5923
5923
5923
5923
5923
5923
5935
5937
5937
5937
5938
5938
5940
6006
6008
6008
6023
6033
6034
6050
6077
6080
6292
6292
6292
6292
6292
6292
6294
6294
6296
6298
6298
6300
6301
6304
6304
6524
6527
6528
6530
6530
6530
6530
6530
6533
6536
6536
6537
6540
6542
6542
6542
6542
6542
6542
6544
6545
6545
6595
6597
6597
6597
6600
6617
6617
6617
6617
6617
6617
6617
6617
6677
6735
6735
6735
6735
6735
6735
6735
6813
6813
6841
6841
6841
6880
6901
6901
6903
6903
6923
6923
6923
6923
6923
7065
7065
7087
7087
7087
7087
7087
7093
7093
7093
7093
7093
7093
7153
7153
7153
7209
7209
7209
7209
7209
7209
7209
7209
7209
7209
7209
7209
7209
7209
7413
7413
7416
7416
7416
7416
7422
7422
7422
7422
7518
7518
7518
7518
7542
7542
7542
7542
7542
7542
7542
7542
7542
7542
7674
7674
7674
7674
7674
7674
7674
7674
7674
7674
7674
7674
7674
7674
7674
7674
7674
7674
7880
7881
7918
7918
7918
7949
7949
7949
7949
7972
7972
7972
7972
7972
7972
7972
7972
7972
8141
8141
8141
8141
8141
8141
8141
8141
8145
8145
8149
8149
8149
8149
8149
8220
8220
8220
8220
8220
8271
8271
8274
8278
8279
8296
8308
8312
8332
8339
8351
8353
8378
8384
8384
8406
8418
8422
8425
8444
8445
8454
8457
8478
8478
8495
8498
8508
8515
8526
8546
8559
8562
8562
8568
8581
8585
8611
8614
8616
8624
8644
8657
8663
8663
8678
8688
8688
8706
8707
8715
8715
8727
8732
8755
8755
8756
8767
8785
8786
8792
8801
8815
8826
8828
8841
8848
8849
8854
8877
8880
8894
8894
8899
8903
8924
8924
8924
8932
8942
8956
8956
8971
8973
8976
8980
8985
9001
9004
9028
9028
9043
9050
9051
9064
9066
9066
9084
9086
9086
9096
9096
9108
9116
9130
9130
9133
9143
9151
9165
9165
9177
9178
9180
9194
9201
9201
9213
9221
9224
9226
9228
9239
9241
9255
9255
9266
9268
9271
9276
9282
9287
9322
9322
9322
9322
9322
9322
9322
9322
