4466
4498
4539
4633
4638
4638
4641
4641
4641
4641
4641
4641
4641
4641
4642
4643
4643
4643
4644
4644
4647
4647
4647
4647
4656
4656
4656
4659
4659
4659
4662
4662
4665
4667
4676
4676
4678
4678
4688
4688
4688
4693
4694
4695
4695
4695
4698
4698
4698
4698
4699
4702
4812
4812
4815
4815
4818
4820
4822
4824
4824
4824
4824
4826
4828
4828
4828
4828
4828
4828
4830
4830
4833
4833
4835
4835
4835
4837
4839
4842
4842
4845
4845
4847
4849
4849
4849
4849
4849
4851
4851
4851
4851
4851
4851
4851
4851
4851
4851
4851
4852
4853
4853
4855
4855
4855
4855
4855
4855
4858
4858
4860
4860
4863
4864
4866
4867
4869
4869
4878
4879
4880
4881
4882
4891
4893
4894
4894
4894
4894
4897
4898
4898
4938
4938
4938
4938
4955
4958
4958
4958
4974
4974
4974
4974
4976
4976
4983
5007
5007
5007
5007
5008
5027
5027
5027
5027
5027
5027
5029
5032
5032
5032
5032
5033
5034
5061
5061
5061
5105
5122
5127
5127
5127
5127
5127
5130
5130
5130
5130
5159
5159
5429
5430
5430
5432
5435
5435
5435
5435
5435
5437
5437
5439
5439
5442
5442
5442
5445
5445
5445
5447
5447
5447
5447
5447
5447
5449
5449
5452
5455
5455
5456
5456
5457
5457
5457
5458
5461
5461
5461
5468
5469
5469
5469
5470
5503
5506
5509
5509
5538
5622
5622
5623
5623
5623
5623
5623
5623
5624
5625
5626
5638
5640
5640
5640
5642
5642
5656
5691
5705
5706
5706
5714
5714
5715
5715
5766
5766
5766
5910
5910
5910
5910
5913
5913
5913
5913
5915
5915
5915
5917
5917
5935
5937
5952
6012
6012
6035
6035
6035
6038
6038
6039
6047
6126
6126
6148
6156
6156
6156
6166
6191
6191
6194
6199
6200
6201
6201
6276
6316
6316
6316
6352
6352
6355
6355
6391
6393
6404
6406
6447
6490
6491
6491
6534
6535
6546
6546
6546
6595
6598
6598
6600
6600
6640
6948
6948
6948
6951
6951
6951
6951
6951
6951
6953
6953
6953
6953
6953
6956
6956
6956
6956
7058
7058
7058
7059
7060
7060
7061
7064
7077
7077
7099
7140
7142
7144
7146
7179
7179
7179
7255
7255
7255
7258
7345
7345
7345
7349
7349
7349
7349
7379
7380
7395
7395
7452
7455
7457
7457
7521
7611
7611
7612
7612
7612
7612
7612
7621
7658
7658
7658
7658
7658
7658
7802
7803
7803
7806
7812
7812
7812
7877
7877
7908
7908
7908
7908
7908
7999
8009
8050
8050
8050
8050
8179
8179
8181
8181
8181
8181
8181
8181
8181
8181
8181
8347
8347
8347
8347
8417
8419
8419
8419
8419
8498
8498
8498
8498
8580
8580
8600
8618
8618
8618
8618
8618
8618
8618
8618
8618
8743
8795
8795
8795
8795
8878
8878
8878
8878
8878
8878
8878
8972
8972
8972
8972
9028
9028
9028
9028
9144
9146
9175
9175
9191
9216
9216
9216
9216
9216
9216
9216
9216
9285
9285
9285
9285
9285
9397
9449
9449
9449
9449
9449
9449
9449
9449
9449
9449
9575
9575
9580
9600
9600
9600
9835
9837
9837
9837
9837
9837
9837
9837
9840
9840
9840
9840
9841
9842
9842
9873
9873
9873
10012
10012
10014
10014
10014
10014
10014
10014
10022
10022
10022
10022
10022
10107
10108
10298
10298
10299
10299
10299
10299
10303
10303
10305
10305
10308
10308
10308
10311
10311
10311
10311
10311
10311
10311
10311
10430
10430
10430
10430
10432
10432
10432
10435
10438
10445
10445
10445
10538
10538
10538
10538
10538
10544
10545
10545
10545
10545
10595
10595
10595
10595
10777
10777
10777
10777
10777
10777
10777
10777
10785
10786
10786
10786
10786
10786
10786
10792
10792
10825
10825
10827
10827
10827
10827
10830
10830
10830
10830
11005
11007
11007
11007
11007
11010
11010
11010
11010
11010
11016
11019
11019
11019
11019
11019
11019
11019
11019
11019
11019
11019
11116
11116
11116
11117
11119
11119
11119
11122
11122
11125
11125
11125
11125
11128
11131
11131
11131
11131
11131
11133
11133
11133
11133
11133
11133
11134
11136
11136
11136
11136
11139
11142
11142
11142
11142
11142
11143
11143
11143
11149
11152
11161
11162
11163
11163
11165
11168
11186
11187
11200
11201
11201
11214
11216
11218
11218
11221
11221
11228
11236
11236
11238
11238
11248
11248
11258
11268
11268
11270
11278
11281
11281
11281
11281
11283
11288
11292
11292
11296
11306
11306
11306
11306
11306
11307
11314
11334
11336
11336
11336
11339
11340
11341
11343
11343
11344
11348
11348
11366
11369
11369
11369
11372
11372
11381
11384
11384
11384
11386
11386
11387
11389
11392
11392
11402
11402
11404
11405
11410
11410
11410
11410
11426
11426
11426
11428
11429
11437
11438
11439
11439
11439
11442
11442
11443
11448
11451
11454
11457
11457
11457
11458
11458
11458
11458
11464
11466
11466
11466
11475
11476
11478
11479
11479
11482
11482
11488
11488
11492
11494
11494
11494
11494
11496
11496
11496
11496
11496
11499
11508
11508
11508
11508
11510
11510
11510
11513
11514
11514
11522
11522
11522
11524
11524
11524
11526
11530
11530
11531
11532
11535
11535
11535
11535
11535
11535
11535
11535
11535
11539
11539
11539
11539
11539
11541
11541
11542
11542
11542
11542
11544
11544
11547
11550
11551
11553
11553
11553
11553
11554
11554
11557
11557
11559
11559
11559
11559
11559
11559
11559
11559
11559
11559
11562
11563
11564
11564
11564
11564
11564
11564
11564
11564
11564
11564
11564
11564
11564
11564
11564
11564
11564
11564
11564
11564
11564
11564
11564
11564
11564
11564
11564
11564
11564
11564
11564
11564
11564
11564
11564
11564
