4466
4556
4556
4564
4598
4614
4614
4631
4633
4633
4633
4633
4633
4633
4636
4636
4638
4638
4638
4639
4639
4639
4639
4646
4649
4649
4649
4652
4652
4655
4655
4656
4656
4659
4659
4659
4662
4662
4663
4663
4665
4666
4667
4708
4710
4711
4711
4711
4711
4713
4714
4714
4714
4715
4718
4718
4719
4719
4722
4725
4725
4725
4728
4730
4730
4731
4732
4734
4734
4734
4734
4737
4739
4739
5005
5007
5009
5009
5009
5010
5011
5013
5016
5017
5018
5018
5018
5018
5020
5023
5025
5028
5028
5028
5028
5028
5030
5030
5058
5058
5061
5064
5067
5067
5069
5069
5069
5069
5071
5071
5071
5071
5071
5074
5074
5074
5074
5074
5077
5077
5077
5080
5080
5080
5082
5083
5085
5088
5088
5088
5088
5090
5090
5091
5091
5091
5091
5091
5092
5093
5117
5117
5117
5117
5117
5117
5119
5120
5120
5120
5120
5120
5123
5123
5123
5123
5123
5125
5128
5128
5131
5131
5133
5133
5134
5134
5134
5136
5136
5136
5136
5136
5138
5138
5138
5138
5210
5210
5211
5211
5211
5213
5213
5213
5216
5216
5216
5216
5216
5216
5216
5216
5217
5217
5217
5220
5220
5223
5223
5224
5227
5260
5260
5262
5262
5262
5281
5284
5285
5285
5285
5287
5287
5290
5293
5293
5296
5296
5306
5434
5434
5435
5438
5439
5440
5443
5443
5446
5446
5446
5446
5470
5761
5761
5761
5763
5763
5764
5766
5766
5766
5768
5769
5771
5773
5774
5775
5776
5780
5781
5784
5784
5787
5787
5787
5787
5788
5788
5791
5791
5791
5791
5793
5793
5793
5793
5795
5795
5808
5808
5808
5850
5850
5850
5857
5901
5901
5926
5926
5928
5931
5934
5936
5948
5948
5964
5989
5991
5994
6040
6040
6084
6085
6085
6086
6143
6143
6144
6146
6147
6149
6215
6215
6215
6215
6215
6215
6215
6217
6219
6222
6225
6297
6307
6326
6387
6388
6407
6407
6410
6410
6411
6428
6428
6428
6531
6534
6535
6535
6550
6550
6552
6590
6590
6590
6679
6679
6680
6680
6691
6693
6693
6702
6738
6752
6752
6911
6914
6914
6914
6914
6916
7090
7126
7126
7127
7127
7129
7129
7130
7130
7130
7130
7133
7135
7135
7135
7135
7135
7135
7139
7139
7139
7139
7154
7154
7154
7249
7252
7266
7266
7266
7266
7327
7327
7327
7327
7327
7327
7327
7327
7327
7327
7627
7627
7627
7627
7627
7627
7627
7627
7627
7627
7627
7627
7731
7731
7731
7733
7733
7802
7802
7845
7845
7845
7845
7907
7927
7953
7955
7956
7956
8025
8025
8025
8025
8025
8025
8025
8151
8285
8285
8286
8286
8289
8289
8289
8289
8289
8289
8289
8326
8326
8342
8545
8545
8545
8545
8545
8545
8546
8546
8546
8549
8552
8552
8552
8552
8552
8552
8552
8552
8552
8552
8652
8652
8652
8652
8652
8770
8770
8829
8829
8842
8845
8848
8880
8921
9032
9032
9032
9032
9032
9032
9033
9036
9036
9036
9052
9053
9080
9080
9080
9080
9080
9080
9080
9280
9280
9280
9282
9282
9286
9286
9286
9286
9286
9286
9340
9340
9340
9353
9379
9379
9433
9433
9436
9473
9473
9475
9584
9584
9584
9584
9584
9584
9584
9584
9593
9593
9602
9602
9602
9602
9602
9789
9792
9792
9792
9792
9794
9796
9796
9796
9796
9830
9830
9853
9855
9931
9931
9931
9933
9933
9933
10080
10080
10080
10080
10080
10080
10083
10083
10083
10083
10083
10091
10091
10091
10093
10093
10093
10106
10108
10108
10108
10108
10108
10108
10108
10108
10188
10188
10188
10190
10342
10342
10342
10342
10342
10342
10342
10342
10342
10342
10342
10427
10427
10427
10429
10429
10429
10429
10429
10433
10433
10553
10556
10557
10557
10557
10557
10557
10562
10562
10565
10565
10565
10565
10565
10568
10568
10568
10568
10568
10572
10572
10572
10572
10572
10572
10572
10572
10584
10584
10584
10584
10584
10617
10619
10619
10619
10619
10619
10622
10622
10625
10625
10626
10626
10633
10633
10635
10639
10639
10657
10665
10665
10665
10667
10670
10677
10696
10698
10698
10700
10700
10700
10701
10721
10723
10723
10741
10744
10744
10744
10754
10757
10757
10759
10762
10762
10774
10781
10783
10785
10785
10785
10800
10808
10808
10808
10814
10816
10826
10826
10829
10829
10830
10836
10838
10839
10860
10860
10861
10861
10863
10873
10874
10874
10888
10889
10890
10890
10890
10893
10893
10909
10909
10909
10912
10912
10912
10912
10931
10931
10936
10937
10939
10945
10945
10945
10945
10947
10950
10952
10955
10955
10955
10969
10970
10970
10970
10977
10977
10978
10981
10985
10988
10991
10991
10991
10991
11000
11001
11001
11004
11004
11004
11004
11011
11020
11020
11023
11024
11026
11026
11029
11029
11029
11029
11029
11029
11029
11029
11029
11032
11033
11050
11050
11051
11054
11056
11058
11058
11058
11058
11060
11060
11060
11060
11060
11060
11067
11072
11075
11079
11080
11080
11080
11081
11088
11091
11092
11092
11092
11092
11095
11095
11095
11096
11096
11098
11104
11104
11105
11105
11106
11106
11106
11106
11106
11106
11106
11108
11110
11110
11110
11110
11117
11117
11117
11119
11119
11119
11119
11119
11119
11120
11120
11126
11129
11130
11130
11130
11130
11130
11132
11135
11135
11135
11135
11136
11136
11137
11138
11141
11142
11143
11143
11143
11143
11145
11146
11149
11149
11149
11149
11149
11149
11149
11149
11149
11149
11149
11149
11149
11149
11149
11149
11149
11149
11149
11149
11149
11149
11149
11149
11149
11149
11149
11149
11149
11149
11149
11149
11149
11149
11149
11149
11149
11149
11149
11149
11149
11149
11149
11149
11149
11149
