4466
4554
4556
4556
4598
4598
4598
4670
4673
4676
4676
4676
4676
4680
4680
4682
4682
4682
4684
4718
4718
4718
4736
4736
4771
4771
4773
4773
4814
4814
4814
4911
4911
4911
4913
4915
4915
4915
4915
4917
4917
4940
4940
4940
4940
4940
4990
4993
4993
5013
5029
5029
5032
5032
5032
5032
5032
5032
5075
5077
5260
5260
5260
5261
5261
5262
5262
5262
5263
5263
5264
5264
5264
5264
5274
5274
5274
5274
5289
5303
5304
5323
5356
5358
5358
5363
5363
5381
5391
5394
5401
5459
5461
5461
5461
5463
5485
5488
5488
5490
5514
5514
5514
5602
5602
5607
5607
5610
5610
5611
5625
5643
5659
5662
5729
5730
5731
5758
5759
5761
5800
5802
5805
5835
5843
5845
5846
5849
5849
5873
5873
5873
5873
5875
5913
5913
5993
5993
5995
5997
5998
5998
6021
6073
6075
6075
6088
6088
6088
6089
6100
6160
6185
6185
6185
6186
6186
6225
6225
6242
6246
6248
6249
6318
6338
6338
6340
6341
6345
6348
6382
6382
6443
6443
6443
6454
6457
6491
6515
6517
6519
6556
6570
6574
6574
6574
6577
6577
6577
6577
6577
6577
6577
6577
6577
6577
6733
6733
6733
6734
6734
6734
6734
6811
6811
6811
6811
6811
6811
6811
6811
6811
6811
6811
6811
6811
6930
6930
6930
6988
6988
6988
6988
6990
7048
7057
7057
7057
7062
7062
7062
7087
7087
7087
7087
7087
7087
7087
7087
7087
7087
7087
7087
7087
7087
7087
7087
7087
7087
7087
7087
7087
7087
7384
7384
7384
7384
7396
7437
7437
7437
7437
7437
7437
7437
7437
7437
7572
7572
7572
7642
7642
7642
7642
7642
7652
7652
7652
7652
7652
7652
7652
7652
7652
7765
7765
7765
7765
7765
7765
7814
7814
7823
7823
7826
7826
7902
7902
7902
7902
7902
7902
7902
7902
7902
7902
8023
8023
8023
8023
8023
8023
8023
8023
8068
8068
8068
8117
8117
8117
8117
8117
8117
8117
8117
8117
8117
8206
8206
8208
8210
8210
8210
8233
8235
8245
8266
8267
8267
8293
8296
8300
8317
8328
8333
8355
8365
8365
8382
8382
8392
8402
8421
8421
8427
8432
8437
8463
8465
8474
8485
8485
8510
8510
8525
8525
8540
8546
8560
8561
8567
8567
8574
8605
8613
8613
8613
8618
8636
8654
8655
8666
8680
8681
8689
8689
8696
8697
8715
8735
8737
8737
8759
8759
8765
8767
8774
8785
8805
8806
8806
8821
8834
8836
8846
8846
8846
8866
8866
8878
8878
8883
8891
8892
8901
8917
8926
8929
8935
8950
8959
8961
8961
8984
8984
8995
8996
8996
9017
9017
9017
9030
9033
9049
9051
9062
9064
9074
9074
9083
9085
9089
9099
9099
9101
9113
9125
9125
9125
9142
9143
9157
9157
9157
9166
9176
9177
9180
9216
9216
9216
9216
9216
9216
9216
9216
