4466
4510
4529
4529
4584
4585
4611
4618
4619
4619
4824
4827
4829
4830
4832
4832
4832
4832
4832
4832
4832
4832
4832
4834
4834
4837
4837
4837
4840
4878
4878
4878
4878
4879
4882
4882
4921
4921
4921
4941
5113
5113
5116
5119
5120
5122
5124
5127
5127
5127
5127
5130
5130
5130
5130
5133
5133
5355
5358
5358
5361
5363
5363
5366
5366
5366
5366
5367
5367
5367
5367
5368
5368
5368
5370
5372
5372
5372
5372
5372
5375
5377
5380
5380
5383
5383
5418
5469
5488
5488
5488
5488
5542
5542
5676
5678
5678
5678
5678
5678
5678
5678
5679
5680
5680
5680
5680
5680
5740
5743
5743
5766
5766
5879
5879
5879
5879
5879
5879
5881
5881
5884
5884
5884
5884
5884
5911
5960
5961
6045
6048
6048
6050
6050
6050
6170
6170
6170
6172
6172
6172
6172
6172
6172
6185
6185
6211
6212
6214
6214
6265
6265
6265
6313
6316
6316
6319
6327
6346
6347
6383
6383
6406
6451
6451
6453
6455
6455
6474
6474
6499
6521
6543
6543
6543
6543
6543
6578
6641
6712
6714
6714
6715
6715
6715
6716
6716
6716
6716
6721
6721
6721
6721
6721
6721
6721
6721
6721
6721
6934
6934
6934
6938
6938
6938
6938
6938
6938
6938
6938
6938
6938
7053
7053
7053
7053
7053
7053
7053
7053
7053
7053
7053
7053
7053
7053
7053
7053
7053
7289
7289
7289
7322
7322
7322
7322
7322
7322
7322
7322
7322
7391
7391
7391
7391
7391
7391
7391
7391
7504
7504
7504
7504
7504
7504
7504
7504
7652
7652
7652
7652
7652
7652
7652
7652
7652
7652
7652
7740
7740
7740
7740
7740
7740
7796
7796
7872
7884
7985
7985
7985
7985
7985
7985
7985
7990
7997
7997
7997
7997
7997
7997
7997
8052
8058
8058
8058
8058
8058
8058
8155
8155
8155
8155
8155
8155
8155
8155
8155
8155
8155
8155
8155
8155
8286
8286
8286
8316
8330
8362
8377
8377
8391
8394
8394
8394
8394
8417
8425
8426
8448
8456
8471
8473
8475
8496
8512
8515
8515
8535
8541
8548
8569
8572
8585
8586
8596
8613
8626
8628
8643
8646
8665
8679
8680
8680
8689
8706
8706
8719
8736
8754
8760
8772
8777
8782
8783
8806
8813
8826
8826
8826
8844
8863
8870
8877
8884
8901
8903
8910
8913
8921
8940
8942
8958
8970
8970
8980
8980
8983
8997
8999
9007
9013
9023
9028
9051
9059
9065
9065
9081
9082
9092
9113
9114
9114
9121
9125
9151
9151
9152
9172
9173
9180
9180
9184
9212
9215
9217
9232
9242
9249
9251
9251
9256
9275
9275
9284
9288
9296
9297
9311
9313
9313
9330
9340
9341
9343
9364
9364
9364
9385
9385
9391
9391
9400
9412
9412
9422
9424
9432
9435
9435
9459
9483
9483
9483
9483
9483
9483
9483
9483
