4466
4504
4568
4568
4568
4585
4588
4612
4613
4617
4617
4638
4651
4651
4714
4717
4717
4771
4774
4776
4809
4814
4817
4817
4823
4823
4856
4908
4908
4908
4908
4908
4909
4935
4936
4936
4938
4986
5010
5046
5057
5075
5077
5077
5091
5131
5131
5131
5160
5162
5165
5165
5183
5197
5200
5200
5200
5261
5261
5263
5316
5318
5321
5321
5322
5322
5322
5402
5402
5402
5402
5402
5449
5450
5450
5451
5454
5454
5492
5507
5509
5509
5557
5575
5581
5584
5584
5587
5668
5668
5670
5670
5705
5705
5707
5707
5707
5729
5730
5730
5779
5786
5843
5843
5883
5886
5886
5886
5886
5921
5921
5921
5930
5930
5930
5985
6005
6007
6184
6185
6185
6185
6186
6188
6190
6190
6192
6192
6192
6192
6192
6193
6193
6193
6193
6194
6195
6277
6280
6308
6323
6323
6358
6366
6366
6366
6366
6377
6379
6379
6429
6430
6480
6480
6480
6682
6682
6682
6682
6685
6685
6685
6685
6686
6686
6686
6686
6686
6688
6690
6690
6697
6697
6697
6700
6701
6711
6713
6794
6796
6796
6796
6796
6864
6864
6864
6864
6941
6943
6943
6943
6945
6948
6987
7133
7133
7133
7186
7186
7187
7188
7188
7188
7188
7189
7189
7192
7193
7193
7193
7193
7204
7239
7254
7254
7254
7255
7340
7343
7343
7348
7350
7352
7353
7353
7364
7364
7397
7418
7441
7469
7469
7470
7470
7524
7527
7527
7527
7559
7560
7560
7560
7563
7563
7597
7599
7600
7656
7656
7656
7657
7780
7780
7780
7783
7783
7783
7784
7805
7805
7807
7808
7853
7853
7948
7948
7951
7951
7951
7951
7953
7953
7955
7986
7986
7999
7999
8048
8048
8050
8050
8080
8080
8083
8083
8083
8084
8084
8092
8123
8154
8179
8194
8196
8213
8213
8213
8213
8213
8213
8213
8213
8217
8229
8229
8229
8229
8356
8356
8356
8359
8359
8359
8359
8379
8379
8379
8379
8379
8404
8404
8404
8404
8404
8404
8404
8404
8404
8404
8404
8404
8527
8527
8527
8527
8562
8575
8578
8634
8634
8634
8634
8640
8641
8641
8641
8641
8721
8721
8721
8721
8722
8722
8722
8722
8722
8788
8788
8818
8818
8825
8827
8858
8858
8858
8887
8887
8887
8887
8887
8919
8919
8919
8921
8921
8921
8921
8921
8921
8989
8989
8989
9003
9003
9003
9003
9003
9069
9069
9069
9069
9100
9100
9133
9133
9133
9143
9166
9166
9166
9166
9166
9166
9166
9231
9231
9231
9234
9234
9234
9234
9234
9234
9234
9322
9324
9324
9324
9324
9324
9324
9324
9324
9431
9434
9434
9434
9434
9443
9446
9446
9446
9446
9446
9446
9469
9469
9469
9482
9482
9482
9507
9507
9507
9507
9544
9544
9554
9554
9554
9596
9599
9599
9599
9599
9599
9599
9599
9599
9599
9599
9628
9628
9628
9690
9692
9692
9694
9707
9707
9707
9728
9728
9728
9728
9728
9728
9728
9755
9792
9792
9792
9792
9792
9795
9795
9795
9843
9846
9847
9850
9850
9853
9853
9853
9853
9886
9889
9889
9889
9904
9904
9904
9904
9904
9927
9927
9927
9927
9970
9972
9972
9972
9972
10003
10003
10005
10005
10006
10007
10007
10009
10009
10011
10013
10013
10013
10013
10026
10026
10028
10031
10036
10044
10051
10065
10065
10065
10080
10086
10086
10093
10095
10095
10104
10107
10107
10107
10122
10137
10140
10140
10140
10154
10154
10154
10172
10174
10180
10180
10187
10187
10192
10195
10195
10195
10216
10216
10228
10228
10228
10235
10247
10249
10250
10250
10265
10265
10268
10268
10275
10280
10280
10281
10297
10297
10301
10301
10308
10320
10320
10320
10320
10324
10324
10338
10339
10339
10353
10353
10356
10364
10373
10373
10373
10374
10374
10376
10377
10380
10399
10408
10411
10411
10412
10412
10425
10425
10426
10428
10429
10441
10442
10454
10454
10454
10455
10460
10462
10470
10470
10481
10482
10486
10487
10495
10497
10497
10506
10509
10510
10510
10512
10512
10512
10512
10520
10533
10534
10539
10539
10540
10552
10552
10556
10556
10556
10560
10560
10560
10560
10563
10585
10587
10587
10587
10587
10587
10587
10600
10600
10607
10612
10616
10621
10624
10626
10626
10628
10632
10633
10635
10635
10635
10636
10636
10648
10649
10654
10661
10661
10661
10671
10673
10676
10677
10680
10683
10683
10686
10686
10695
10696
10697
10702
10702
10703
10705
10708
10708
10710
10713
10713
10716
10718
10719
10719
10721
10724
10727
10727
10727
10737
10739
10740
10742
10742
10742
10748
10748
10748
10748
10748
10748
10748
10748
