4466
4506
4514
4544
4575
4575
4633
4633
4656
4706
4718
4748
4748
4786
4832
4834
4876
4883
4927
4927
4947
4992
4993
5001
5040
5110
5148
5148
5158
5167
5212
5293
5304
5305
5331
5342
5385
5415
5432
5464
5513
5521
5592
5626
5626
5702
5724
5742
5795
5798
5798
5888
5891
5947
5969
6000
6004
6023
6081
6137
6138
6191
6201
6258
6293
6321
6323
6358
6418
6422
6480
6481
6511
6511
6511
6511
6631
6631
6631
6722
6722
6722
6722
6830
6875
6875
6875
6982
6982
6982
6982
6982
6982
6982
6982
6982
6982
7245
7245
7245
7245
7387
7387
7387
7461
7489
7489
7489
7558
7558
7558
7558
7558
7659
7718
7739
7739
7779
7779
7779
7779
7779
7889
7889
7942
7942
7942
7987
8009
8030
8049
8069
8085
8106
8119
8145
8165
8184
8195
8215
8236
8251
8268
8279
8302
8323
8340
8348
8362
8390
8401
8419
8438
8441
8456
8469
8486
8498
8523
8528
8546
8561
8564
8585
8593
8606
8620
8632
8648
8657
8662
8672
8754
8754
8754
8754
8754
8754
8754
8754
