4466
4509
4576
4639
4642
4645
4648
4650
4652
4652
4655
4657
4659
4659
4661
4664
4667
4669
4669
4669
4671
4671
4674
4674
4674
4674
4674
4674
4676
4676
4676
4677
4679
4681
4681
4684
4918
4918
4920
4920
4920
4920
4923
4925
4926
4926
4926
4926
4928
4928
4928
4928
4928
4931
4931
4931
4933
4936
4936
4937
4937
4938
4938
4938
4938
4940
4940
4940
4940
4940
4942
4942
4942
4942
4945
4945
4945
4945
4945
4945
4946
4948
4948
4948
4949
4951
4953
4953
4953
4956
4959
4962
4964
4964
4964
4965
4965
4965
4965
4965
4965
4965
4967
4968
4968
4968
4968
4968
4971
4974
4976
4977
4979
4979
4982
4982
4982
4982
4982
4984
4984
4986
4986
4986
4989
4989
4989
4989
4989
4989
4990
4990
4993
4993
4993
4996
4998
4998
5001
5001
5001
5002
5002
5004
5004
5089
5092
5092
5092
5124
5124
5124
5124
5127
5127
5127
5127
5129
5129
5131
5131
5131
5131
5133
5136
5138
5138
5138
5138
5139
5141
5218
5218
5218
5221
5223
5223
5223
5223
5226
5227
5227
5227
5227
5229
5231
5232
5235
5235
5235
5235
5235
5235
5235
5235
5235
5235
5238
5246
5249
5252
5252
5252
5252
5325
5325
5327
5327
5330
5330
5368
5368
5370
5370
5389
5390
5399
5402
5431
5431
5434
5434
5436
5436
5439
5439
5440
5442
5472
5472
5481
5483
5484
5485
5553
5553
5585
5585
5586
5588
5590
5590
5615
5617
5617
5617
5618
5618
5694
5694
5696
5696
5696
5698
5699
5701
5701
5759
5825
5825
5825
5831
5844
5847
5849
5851
5851
5864
5866
5868
5874
5877
5877
5887
5913
5930
5995
5995
5996
5998
5998
6201
6201
6202
6202
6204
6204
6204
6206
6206
6206
6206
6209
6209
6209
6209
6209
6209
6239
6286
6286
6604
6606
6607
6607
6608
6608
6611
6612
6612
6613
6613
6613
6614
6614
6614
6614
6614
6614
6615
6616
6616
6616
6616
6619
6619
6619
6677
6679
6684
6685
6718
6720
6720
6720
6720
6800
6800
6823
6823
6823
6861
6861
6891
6891
6960
6960
6960
7008
7010
7013
7015
7064
7092
7104
7104
7238
7239
7240
7243
7243
7243
7243
7243
7243
7243
7243
7243
7243
7243
7243
7243
7243
7243
7306
7347
7350
7414
7414
7417
7569
7569
7571
7571
7571
7571
7575
7575
7612
7639
7639
7643
7643
7643
7688
7688
7688
7695
7695
7695
7695
7695
7695
7867
7894
7897
7897
7944
7944
7944
7947
7947
7947
7947
7947
7947
7947
7947
7947
7947
7947
7947
7947
8207
8219
8220
8220
8220
8220
8220
8368
8370
8370
8370
8370
8370
8442
8442
8442
8442
8442
8442
8442
8442
8571
8596
8596
8653
8653
8653
8653
8665
8665
8665
8757
8757
8757
8757
8757
8811
8968
8968
8968
8968
8968
8968
8968
8968
8968
8968
8968
9056
9056
9056
9056
9056
9056
9120
9121
9169
9169
9169
9198
9198
9198
9198
9231
9290
9290
9290
9290
9348
9348
9348
9348
9348
9348
9380
9383
9383
9383
9564
9566
9566
9567
9567
9567
9567
9567
9567
9617
9617
9617
9617
9617
9674
9675
9676
9676
9676
9676
9676
9749
9749
9749
9749
9811
9811
9811
9811
9811
9932
9932
9935
9935
9958
9960
9960
9960
9960
9960
9960
9960
10087
10087
10087
10087
10223
10223
10223
10226
10227
10227
10227
10227
10227
10228
10228
10228
10228
10228
10228
10228
10369
10369
10371
10374
10374
10374
10374
10374
10374
10374
10374
10374
10374
10374
10421
10421
10489
10489
10489
10489
10489
10489
10489
10489
10489
10489
10489
10489
10489
10535
10538
10538
10557
10557
10557
10557
10557
10591
10591
10591
10617
10619
10629
10645
10647
10647
10647
10665
10665
10665
10665
10667
10667
10667
10717
10717
10720
10720
10725
10725
10725
10735
10735
10786
10786
10786
10788
10789
10791
10791
10791
10792
10792
10792
10795
10795
10795
10795
10803
10803
10804
10825
10825
10825
10827
10844
10856
10856
10858
10861
10867
10868
10880
10892
10895
10895
10912
10914
10914
10914
10915
10920
10940
10940
10940
10954
10954
10961
10961
10961
10963
10964
10964
10985
10987
10989
10989
10992
11002
11009
11013
11013
11024
11025
11027
11027
11030
11030
11034
11034
11053
11059
11059
11059
11064
11064
11065
11071
11082
11085
11085
11085
11085
11085
11092
11092
11111
11112
11116
11117
11120
11121
11121
11121
11121
11121
11129
11144
11145
11148
11148
11148
11151
11152
11152
11152
11163
11170
11172
11175
11176
11176
11176
11176
11183
11183
11183
11194
11194
11196
11196
11196
11199
11202
11205
11205
11205
11205
11208
11210
11214
11217
11217
11225
11225
11227
11230
11231
11232
11232
11234
11234
11237
11240
11240
11240
11254
11254
11255
11255
11255
11255
11264
11266
11266
11266
11266
11266
11276
11276
11279
11282
11282
11282
11282
11287
11287
11287
11287
11287
11287
11287
11293
11293
11296
11296
11296
11298
11298
11299
11299
11299
11299
11312
11312
11312
11312
11318
11318
11319
11322
11322
11324
11324
11327
11327
11327
11330
11330
11331
11331
11331
11334
11335
11335
11335
11335
11335
11335
11335
11336
11336
11336
11336
11337
11337
11337
11337
11338
11338
11339
11339
11339
11339
11342
11344
11344
11346
11346
11348
11348
11348
11348
11348
11349
11349
11349
11349
11349
11349
11349
11350
11351
11351
11353
11356
11356
11357
11357
11357
11357
11357
11357
11357
11357
11357
11357
11357
11357
11357
11357
11357
11357
11357
11357
11357
11357
11357
11357
11357
11357
11357
11357
11357
11357
11357
11357
