4466
4528
4608
4612
4612
4612
4614
4643
4646
4648
4649
4649
4649
4652
4660
4748
4774
4882
4885
4885
4886
4886
4888
4891
4893
4893
5020
5020
5022
5022
5023
5023
5023
5023
5026
5032
5107
5108
5108
5108
5108
5322
5322
5322
5322
5322
5322
5325
5325
5327
5328
5328
5328
5328
5329
5329
5329
5333
5333
5361
5361
5361
5361
5363
5363
5375
5378
5433
5434
5494
5515
5516
5516
5545
5545
5565
5565
5589
5589
5589
5590
5641
5643
5672
5675
5694
5719
5719
5720
5743
5744
5746
5818
5820
5820
5820
5823
5935
5938
5940
5940
5943
5943
5996
5997
6000
6002
6002
6005
6008
6009
6009
6009
6308
6308
6308
6311
6311
6311
6311
6312
6312
6312
6314
6314
6317
6317
6317
6317
6326
6326
6326
6326
6326
6326
6342
6377
6377
6380
6385
6432
6432
6448
6450
6460
6503
6503
6552
6554
6572
6602
6602
6602
6602
6604
6604
6604
6604
6605
6606
6705
6705
6718
6721
6994
6994
6995
6995
6995
6997
7000
7000
7000
7000
7000
7000
7107
7107
7107
7107
7109
7116
7118
7118
7121
7121
7121
7121
7121
7121
7121
7121
7121
7123
7123
7125
7126
7128
7129
7222
7222
7222
7222
7257
7257
7282
7285
7327
7330
7332
7361
7361
7361
7361
7361
7361
7385
7443
7443
7445
7455
7468
7468
7468
7468
7468
7468
7514
7514
7534
7545
7546
7766
7767
7767
7767
7768
7768
7768
7768
7769
7769
7772
7772
7772
7772
7772
7787
7790
7790
7832
7835
7835
7835
7940
7940
7940
7942
7942
7943
7943
7953
7954
7954
7954
7955
8011
8011
8011
8011
8011
8011
8052
8052
8106
8106
8109
8110
8110
8130
8145
8147
8150
8150
8231
8231
8231
8234
8259
8259
8259
8290
8290
8292
8292
8295
8296
8296
8329
8330
8330
8388
8388
8414
8414
8416
8419
8455
8455
8456
8466
8467
8469
8471
8471
8471
8473
8473
8473
8480
8672
8727
8727
8728
8728
8730
8730
8731
8733
8733
8733
8733
8735
8741
8741
8741
8741
8741
8741
8741
8744
8744
8746
8748
8748
8748
8852
8852
8852
8855
8857
8858
8858
8858
8863
8967
8967
8977
8977
8977
8980
8980
8980
8980
8980
8980
8985
8987
8987
8990
8990
8990
8992
8992
8992
8992
8992
9011
9015
9023
9023
9024
9024
9024
9024
9024
9103
9106
9106
9106
9123
9123
9125
9125
9125
9164
9164
9164
9189
9190
9190
9190
9190
9219
9222
9222
9222
9222
9222
9284
9285
9285
9287
9287
9287
9293
9326
9329
9329
9330
9332
9332
9332
9375
9375
9377
9379
9379
9391
9402
9404
9417
9419
9419
9419
9419
9459
9462
9462
9464
9464
9464
9503
9503
9503
9520
9520
9520
9520
9523
9523
9536
9567
9567
9567
9574
9574
9574
9576
9576
9619
9619
9619
9619
9631
9715
9715
9718
9720
9722
9722
9722
9722
9722
9722
9722
9726
9727
9727
9727
9727
9727
9728
9728
9728
9728
9728
9728
9897
9897
9897
9898
9901
9902
9902
9902
9904
9904
9905
9907
9909
9909
9909
9909
9910
9911
9911
9911
9911
9911
9914
9914
9916
9916
9916
9916
9916
9916
9937
9937
9937
9937
9937
9937
9937
9937
9972
9972
9974
9974
9974
9986
9986
9995
9995
9996
9998
9998
9998
9998
10024
10025
10025
10025
10048
10051
10051
10051
10055
10055
10055
10070
10070
10070
10152
10152
10155
10155
10155
10155
10158
10158
10161
10161
10167
10167
10167
10167
10170
10170
10171
10171
10174
10174
10177
10177
10177
10177
10179
10179
10181
10181
10181
10181
10181
10184
10184
10184
10184
10184
10184
10185
10186
10191
10191
10191
10191
10203
10203
10203
10203
10203
10206
10208
10223
10223
10228
10228
10228
10244
10244
10244
10246
10249
10256
10261
10268
10268
10270
10270
10270
10276
10279
10281
10281
10281
10286
10286
10293
10304
10304
10304
10307
10307
10318
10320
10322
10322
10322
10322
10337
10344
10344
10346
10346
10347
10348
10350
10358
10358
10361
10361
10365
10366
10369
10372
10372
10372
10380
10381
10389
10389
10389
10391
10391
10403
10404
10404
10404
10408
10414
10414
10424
10424
10425
10427
10429
10439
10440
10442
10442
10442
10442
10444
10446
10447
10447
10447
10462
10462
10465
10465
10467
10467
10470
10471
10472
10481
10482
10482
10485
10485
10485
10485
10485
10492
10503
10503
10503
10503
10511
10513
10513
10514
10516
10516
10518
10521
10521
10521
10523
10523
10533
10535
10538
10539
10545
10545
10547
10549
10549
10550
10552
10552
10552
10552
10552
10553
10565
10565
10570
10571
10571
10573
10575
10575
10580
10580
10583
10584
10585
10585
10585
10587
10588
10596
10598
10599
10599
10599
10599
10599
10599
10610
10610
10612
10614
10615
10618
10618
10620
10620
10620
10622
10624
10627
10627
10630
10631
10632
10632
10635
10635
10637
10637
10638
10640
10642
10642
10642
10642
10643
10643
10643
10645
10645
10645
10645
10645
10647
10648
10648
10648
10648
10648
10648
10648
10648
10648
10648
