4466
4507
4509
4581
4632
4632
4635
4638
4638
4638
4638
4641
4641
4642
4892
4894
4895
4895
4895
4897
4897
4897
4897
4897
4897
4897
4897
4899
4899
4902
4905
4908
4908
4908
4908
4908
4908
4910
4910
4912
4912
4912
4912
4912
4912
4914
4915
4918
4919
4920
4920
4921
4921
4921
4921
4923
4925
4925
4925
4925
4927
4927
4927
4930
4930
4933
4933
4933
4953
4956
4957
4957
4957
4957
4957
4957
4960
4960
4960
4961
4961
4963
4963
4966
4969
4969
4969
4969
4969
4971
4971
4971
4974
4974
4976
4976
4976
4978
4978
4980
4980
4980
4980
4980
4982
4984
4984
4987
4987
4987
4987
4987
4987
4987
4988
4988
4990
4990
4990
4990
4990
4990
4991
4993
4996
4999
4999
5000
5001
5003
5003
5006
5007
5009
5012
5013
5013
5014
5014
5016
5177
5177
5177
5180
5180
5180
5180
5180
5180
5180
5181
5181
5182
5182
5182
5182
5182
5182
5183
5183
5185
5186
5188
5188
5188
5188
5188
5189
5190
5190
5191
5191
5191
5191
5191
5192
5192
5192
5192
5195
5196
5196
5197
5197
5200
5200
5200
5200
5200
5200
5200
5270
5273
5273
5276
5278
5278
5279
5279
5492
5494
5497
5499
5502
5503
5505
5505
5505
5505
5508
5508
5508
5509
5512
5514
5514
5515
5517
5519
5519
5519
5519
5519
5519
5521
5521
5521
5523
5523
5524
5524
5524
5526
5526
5528
5531
5533
5533
5533
5533
5533
5537
5537
5552
5553
5553
5553
5603
5622
5622
5622
5635
5635
5635
5636
5697
5699
5699
5700
5702
5704
5704
5704
5704
5704
5707
5778
5778
5830
5830
5830
5833
6005
6005
6005
6007
6007
6007
6008
6008
6008
6010
6011
6014
6014
6015
6015
6015
6015
6015
6015
6016
6063
6063
6100
6100
6146
6146
6170
6170
6170
6170
6170
6192
6192
6253
6253
6253
6253
6253
6253
6329
6329
6331
6334
6336
6374
6374
6377
6417
6417
6417
6483
6483
6756
6759
6759
6761
6762
6764
6764
6767
6767
6768
6770
6770
6770
6770
6773
6773
6775
6778
6778
6778
6778
6809
6811
6813
7084
7085
7085
7085
7087
7088
7089
7091
7092
7093
7093
7093
7093
7093
7094
7096
7099
7099
7099
7099
7099
7099
7149
7149
7149
7152
7152
7152
7152
7152
7152
7278
7297
7297
7297
7298
7358
7358
7358
7358
7435
7436
7436
7476
7476
7489
7489
7489
7489
7531
7666
7668
7668
7668
7668
7668
7694
7694
7696
7763
7763
7763
7763
7822
7822
7822
7846
7846
7846
7846
7846
7846
8017
8017
8018
8018
8018
8018
8018
8018
8062
8062
8062
8062
8062
8062
8163
8218
8218
8270
8273
8273
8273
8273
8320
8354
8354
8354
8408
8408
8413
8413
8428
8436
8436
8436
8436
8494
8494
8568
8568
8568
8568
8568
8645
8704
8704
8706
8706
8706
8714
8744
8744
8744
8744
8821
8854
8854
8854
8854
8854
8854
8854
8854
8920
8920
8971
8971
8971
8971
9019
9019
9019
9019
9019
9019
9019
9136
9136
9164
9208
9208
9210
9216
9246
9249
9249
9249
9269
9269
9269
9269
9269
9269
9269
9382
9382
9382
9382
9382
9421
9430
9433
9433
9433
9433
9538
9538
9538
9567
9567
9604
9604
9604
9604
9769
9769
9770
9770
9770
9770
9770
9770
9770
9895
9897
9897
9897
9897
9904
9907
9907
9907
9907
9907
9907
9907
9908
9908
9908
9908
9908
9908
9908
9971
9971
9984
9984
9984
9992
9992
10031
10031
10031
10031
10233
10233
10233
10233
10233
10236
10236
10236
10236
10236
10236
10241
10241
10243
10243
10243
10247
10248
10248
10248
10252
10252
10252
10252
10252
10291
10291
10291
10291
10291
10291
10305
10305
10352
10352
10352
10352
10352
10360
10360
10360
10472
10472
10472
10472
10472
10472
10475
10475
10475
10475
10476
10477
10477
10477
10477
10477
10477
10477
10477
10524
10527
10527
10529
10529
10531
10532
10532
10532
10532
10535
10535
10535
10546
10552
10552
10552
10561
10561
10564
10565
10567
10568
10599
10600
10600
10600
10600
10602
10626
10629
10635
10637
10649
10650
10650
10654
10655
10655
10660
10660
10668
10679
10686
10691
10691
10693
10696
10709
10709
10710
10717
10725
10725
10728
10728
10738
10740
10742
10742
10742
10745
10747
10750
10752
10762
10763
10780
10781
10787
10788
10788
10788
10802
10802
10805
10811
10814
10815
10816
10816
10816
10816
10816
10816
10823
10839
10840
10842
10842
10844
10844
10847
10859
10859
10859
10870
10870
10870
10870
10879
10882
10882
10883
10883
10884
10889
10889
10891
10891
10891
10905
10905
10907
10914
10917
10917
10918
10918
10918
10924
10928
10928
10928
10931
10935
10936
10936
10938
10938
10939
10939
10941
10942
10945
10946
10958
10958
10958
10958
10962
10962
10965
10965
10971
10971
10971
10977
10977
10977
10977
10980
10983
10985
10985
10985
10987
10989
10989
10994
10997
10997
10997
10997
10997
10998
10998
10998
10998
10998
10998
11000
11012
11012
11012
11012
11012
11012
11012
11013
11013
11016
11016
11016
11016
11016
11024
11024
11024
11029
11031
11031
11033
11033
11033
11033
11036
11037
11037
11039
11039
11039
11040
11040
11041
11043
11046
11046
11047
11048
11048
11048
11051
11053
11053
11053
11053
11053
11053
11056
11056
11056
11056
11056
11059
11061
11063
11063
11064
11064
11064
11064
11064
11064
11064
11064
11064
11064
11064
11064
11064
11064
11064
11064
11064
11064
11064
11064
11064
11064
11064
11064
11064
11064
11064
11064
11064
11064
11064
11064
11064
11064
11064
11064
11064
11064
11064
11064
11064
11064
11064
11064
11064
