4466
4498
4510
4510
4510
4575
4602
4640
4640
4642
4642
4642
4642
4645
4647
4768
4768
4771
4771
4826
4827
4828
4828
4828
4828
4828
4828
4831
4834
4834
4834
4837
4837
4837
4837
4837
4838
4838
4838
4838
4838
4838
4841
4844
4847
4849
4849
4849
4849
4850
4851
4852
4852
4854
4854
4854
4856
4859
4862
4862
4862
4865
4868
4870
4870
4870
4870
4870
4872
4872
4872
4872
4875
4875
4875
4876
4876
4876
4876
4876
4878
4878
4878
4878
4878
4879
4882
4882
4882
4882
4883
4885
4885
4887
4887
4887
4887
4890
4890
4890
4890
4890
4890
4890
4892
4895
4895
4895
4895
4898
4898
4898
4899
4979
4979
4979
4981
4981
4982
4982
4982
4984
4984
4984
4984
4984
4984
4984
4987
4987
4989
4989
4991
4991
4991
4991
4992
4994
4997
5000
5000
5000
5003
5003
5006
5006
5006
5008
5008
5008
5009
5009
5010
5013
5013
5234
5234
5234
5236
5236
5236
5236
5236
5237
5237
5239
5239
5239
5239
5239
5242
5242
5242
5243
5244
5245
5245
5245
5245
5245
5246
5248
5248
5248
5248
5248
5248
5248
5250
5252
5255
5255
5255
5255
5257
5257
5257
5257
5260
5260
5267
5267
5267
5267
5269
5273
5273
5273
5273
5273
5276
5279
5310
5310
5310
5312
5312
5314
5316
5319
5341
5344
5389
5389
5408
5435
5464
5464
5464
5466
5467
5645
5647
5647
5647
5648
5650
5650
5652
5654
5654
5654
5654
5654
5654
5654
5657
5657
5660
5660
5660
5660
5661
5661
5682
5682
5703
5705
5706
5706
5706
5706
5708
5777
5779
5779
5995
5995
5995
5998
6147
6147
6148
6148
6150
6150
6153
6153
6153
6155
6155
6155
6158
6303
6303
6303
6306
6306
6307
6307
6307
6307
6307
6310
6310
6313
6313
6316
6317
6319
6319
6319
6322
6322
6322
6322
6322
6322
6322
6322
6581
6582
6585
6585
6586
6589
6590
6590
6590
6590
6590
6590
6590
6590
6592
6595
6595
6596
6596
6597
6617
6647
6647
6647
6650
6706
6707
6710
6710
6711
6712
6811
6811
6811
6811
6814
6840
6910
6910
6910
6910
6910
6954
6957
6959
6967
6967
7046
7055
7055
7058
7062
7065
7065
7065
7065
7065
7107
7107
7107
7137
7159
7159
7182
7182
7182
7182
7292
7335
7335
7335
7335
7335
7335
7407
7407
7407
7407
7407
7501
7501
7501
7501
7501
7501
7501
7624
7624
7624
7664
7664
7664
7720
7720
7720
7802
7802
7803
7803
7803
7803
7803
7803
7803
8045
8045
8045
8045
8047
8047
8047
8047
8047
8051
8105
8105
8105
8184
8184
8184
8184
8184
8184
8284
8284
8284
8284
8284
8284
8385
8385
8388
8435
8435
8435
8456
8499
8518
8518
8524
8524
8524
8524
8524
8524
8625
8662
8662
8662
8662
8662
8662
8662
8927
8928
8930
8930
8930
8930
8933
8933
8933
8933
8933
8934
8935
8935
8935
8983
9000
9029
9052
9052
9052
9075
9112
9112
9112
9174
9174
9175
9175
9175
9223
9223
9223
9223
9223
9223
9317
9317
9317
9317
9317
9317
9317
9317
9403
9403
9406
9406
9406
9499
9499
9500
9710
9710
9712
9713
9713
9713
9716
9719
9720
9720
9723
9723
9723
9860
9861
9862
9862
9864
9867
9867
9869
9869
9869
9872
9872
9872
9875
9878
9901
9901
9901
9901
9901
9901
9918
9947
9949
9950
9950
9950
9950
10012
10012
10053
10054
10079
10079
10079
10079
10079
10111
10111
10131
10132
10331
10333
10334
10334
10334
10340
10340
10340
10340
10340
10340
10340
10340
10340
10340
10349
10349
10352
10352
10353
10353
10353
10353
10364
10364
10364
10369
10369
10369
10369
10369
10369
10369
10420
10420
10420
10420
10488
10488
10488
10488
10488
10488
10488
10488
10488
10488
10556
10559
10559
10564
10564
10600
10604
10604
10604
10607
10607
10607
10607
10637
10637
10637
10637
10656
10656
10659
10659
10660
10660
10660
10663
10664
10667
10674
10674
10682
10683
10699
10703
10706
10709
10712
10722
10725
10734
10734
10740
10750
10750
10750
10767
10767
10767
10782
10782
10790
10792
10795
10801
10801
10811
10811
10811
10817
10830
10830
10841
10841
10843
10844
10851
10855
10858
10867
10867
10867
10880
10880
10883
10883
10886
10886
10886
10887
10902
10912
10920
10920
10920
10923
10925
10925
10925
10927
10938
10950
10950
10950
10952
10952
10952
10963
10965
10975
10977
10977
10979
10982
10982
10982
10989
10996
10998
10998
11001
11002
11004
11008
11010
11010
11010
11012
11012
11017
11017
11030
11038
11040
11040
11040
11049
11049
11049
11049
11049
11049
11049
11049
11049
11056
11073
11073
11079
11080
11080
11082
11082
11082
11082
11086
11091
11094
11094
11096
11096
11098
11102
11102
11103
11103
11103
11115
11117
11117
11117
11117
11125
11125
11125
11125
11125
11131
11131
11131
11131
11131
11131
11136
11136
11145
11145
11145
11148
11151
11152
11152
11152
11155
11155
11155
11158
11161
11161
11161
11163
11167
11168
11168
11168
11168
11168
11168
11168
11171
11171
11171
11174
11174
11178
11180
11182
11183
11185
11188
11191
11191
11191
11191
11194
11194
11197
11197
11200
11201
11203
11203
11203
11204
11205
11207
11210
11210
11210
11210
11212
11213
11215
11216
11216
11216
11219
11219
11219
11219
11219
11219
11219
11219
11220
11221
11221
11221
11221
11221
11221
11221
11221
11221
11221
11221
11221
11221
11221
11221
11221
11221
11221
11221
11221
11221
11221
11221
11221
11221
11221
11221
11221
11221
11221
11221
11221
11221
11221
11221
11221
11221
11221
11221
11221
11221
11221
11221
11221
11221
11221
11221
