4466
4571
4571
4609
4640
4640
4640
4679
4681
4681
4694
4694
4695
4695
4755
4755
4756
4784
4799
4800
4800
4832
4832
4832
4866
4867
4887
4887
4887
4895
4926
4953
4953
4954
4954
5158
5159
5162
5164
5164
5167
5169
5171
5296
5296
5296
5296
5296
5296
5299
5302
5302
5303
5305
5305
5305
5308
5310
5310
5313
5316
5336
5356
5358
5360
5394
5395
5395
5434
5435
5493
5493
5619
5620
5621
5621
5621
5621
5621
5621
5621
5621
5623
5623
5623
5626
5644
5668
5670
5672
5685
5685
5685
5729
5731
5768
5768
5803
5803
5803
5803
5820
5822
5822
5822
5823
5907
5927
5929
5929
5931
5932
5964
5964
5964
5967
6053
6053
6071
6085
6086
6089
6089
6144
6145
6145
6180
6180
6180
6180
6230
6230
6231
6231
6284
6284
6284
6284
6284
6287
6291
6293
6293
6345
6401
6401
6445
6445
6448
6451
6452
6510
6510
6510
6557
6557
6560
6569
6579
6581
6625
6629
6756
6756
6757
6757
6760
6760
6762
6763
6764
6767
6770
6776
6776
6814
6828
6828
6830
6869
6872
6872
6892
6892
6892
6951
6952
6952
6965
6965
6965
7017
7017
7017
7019
7088
7089
7091
7094
7107
7109
7160
7161
7162
7162
7165
7207
7233
7233
7233
7247
7247
7280
7389
7391
7391
7394
7394
7394
7394
7396
7396
7396
7398
7398
7398
7401
7426
7438
7463
7475
7475
7475
7557
7557
7591
7593
7595
7631
7631
7631
7668
7669
7693
7695
7695
7695
7702
7896
7896
7896
7896
7897
7897
7897
7897
7897
7897
7898
7900
7901
7902
7902
7905
7905
7944
7947
7956
7987
7987
7988
7988
8023
8023
8031
8058
8058
8058
8098
8098
8098
8098
8125
8125
8127
8127
8244
8245
8248
8248
8251
8251
8251
8266
8266
8269
8269
8269
8269
8269
8288
8288
8288
8288
8288
8288
8288
8288
8288
8288
8288
8288
8288
8288
8288
8447
8448
8448
8479
8505
8505
8505
8505
8505
8505
8505
8560
8560
8560
8572
8572
8572
8645
8645
8645
8645
8645
8645
8680
8680
8681
8681
8681
8727
8729
8731
8731
8777
8777
8777
8777
8814
8814
8814
8814
8864
8864
8864
8864
8864
8864
8884
8884
9026
9026
9026
9026
9026
9026
9026
9026
9026
9026
9029
9029
9029
9029
9029
9029
9056
9056
9096
9096
9096
9140
9143
9146
9160
9160
9163
9163
9163
9163
9163
9163
9163
9163
9243
9243
9243
9243
9243
9243
9282
9282
9282
9304
9304
9304
9326
9326
9366
9368
9368
9404
9404
9404
9404
9404
9404
9404
9442
9498
9498
9498
9498
9498
9498
9498
9507
9507
9507
9507
9507
9507
9507
9561
9561
9561
9561
9598
9598
9598
9598
9598
9598
9634
9662
9666
9666
9666
9666
9666
9688
9688
9688
9688
9688
9688
9688
9688
9762
9764
9764
9764
9789
9790
9790
9790
9790
9790
9790
9790
9790
9790
9852
9852
9863
9884
9884
9884
9884
9884
9887
9902
9911
9914
9914
9914
9914
9945
9945
9945
9954
9954
9954
9954
9990
9990
9990
9990
9990
10004
10018
10021
10021
10021
10039
10040
10040
10066
10068
10068
10068
10068
10068
10068
10068
10068
10103
10103
10103
10103
10106
10106
10114
10116
10117
10120
10129
10132
10147
10153
10159
10159
10159
10159
10160
10169
10181
10181
10182
10198
10203
10210
10220
10223
10223
10238
10239
10242
10248
10257
10260
10265
10269
10269
10273
10273
10273
10295
10298
10299
10302
10304
10310
10314
10322
10328
10328
10337
10349
10349
10350
10350
10355
10370
10372
10373
10374
10375
10375
10378
10378
10397
10408
10408
10413
10421
10421
10434
10436
10437
10437
10453
10453
10454
10454
10454
10454
10455
10455
10466
10484
10486
10486
10497
10499
10506
10509
10517
10518
10525
10526
10526
10526
10533
10533
10538
10538
10538
10550
10550
10560
10564
10564
10564
10570
10572
10575
10575
10575
10600
10600
10602
10603
10603
10606
10606
10606
10619
10622
10622
10630
10630
10632
10633
10637
10639
10655
10655
10655
10655
10668
10668
10668
10671
10676
10676
10693
10693
10693
10693
10704
10704
10705
10715
10715
10715
10716
10716
10716
10729
10729
10737
10739
10739
10743
10751
10751
10751
10751
10754
10754
10754
10758
10758
10772
10772
10777
10777
10780
10783
10791
10791
10792
10792
10796
10797
10797
10802
10804
10808
10808
10808
10810
10821
10825
10825
10825
10826
10828
10830
10844
10846
10846
10848
10856
10856
10858
10858
10861
10861
10861
10861
10864
10867
10867
10869
10869
10869
10878
10878
10878
10878
10878
10878
10878
10878
