4466
4531
4628
4630
4630
4630
4657
4657
4657
4657
4684
4684
4753
4756
4765
4766
4766
4766
4781
4804
4829
4829
4847
4852
4852
4852
4852
4905
4905
5181
5181
5181
5181
5195
5196
5196
5196
5333
5336
5336
5336
5336
5336
5336
5339
5339
5339
5339
5339
5339
5339
5339
5341
5343
5343
5343
5343
5344
5345
5345
5345
5347
5347
5348
5381
5381
5400
5439
5439
5440
5651
5652
5654
5654
5654
5657
5657
5658
5661
5661
5663
5666
5666
5666
5666
5669
5717
5758
5761
5764
5764
5764
5819
5819
5819
5822
5838
5887
5888
5890
5892
5900
5900
5935
5961
5963
5965
5968
5968
5968
6018
6018
6018
6018
6118
6118
6120
6120
6132
6189
6189
6347
6347
6347
6347
6347
6348
6350
6350
6350
6352
6352
6362
6362
6362
6362
6363
6422
6422
6437
6536
6536
6538
6538
6554
6554
6554
6557
6582
6583
6583
6583
6861
6861
6861
6861
6861
6861
6861
6861
6861
6861
6861
6861
6864
6866
6869
7175
7175
7178
7179
7179
7180
7182
7182
7182
7182
7183
7185
7185
7187
7187
7188
7188
7188
7188
7188
7188
7189
7189
7190
7190
7191
7191
7201
7201
7276
7276
7277
7311
7312
7324
7344
7344
7344
7350
7386
7389
7438
7438
7439
7439
7441
7451
7451
7493
7493
7513
7513
7513
7650
7652
7652
7655
7656
7656
7656
7662
7849
7849
7849
7849
7849
7849
7849
7849
7849
7851
7852
7855
7855
7858
7861
7874
7874
7889
7892
7915
7917
7926
7928
8147
8147
8150
8150
8151
8151
8151
8151
8153
8153
8156
8156
8159
8162
8162
8162
8164
8167
8170
8229
8240
8307
8309
8311
8311
8311
8311
8311
8355
8355
8358
8395
8395
8395
8395
8395
8395
8395
8473
8473
8473
8666
8666
8668
8668
8668
8668
8668
8668
8668
8668
8668
8668
8668
8674
8677
8677
8677
8677
8680
8680
8684
8684
8698
8708
8708
8708
8708
8743
8743
8743
8743
8816
8816
8816
8839
8839
8842
8933
8933
8933
8933
8933
8933
8939
8939
8939
8939
8939
8939
8939
8939
8939
8939
8939
8939
8939
8939
8939
8939
9079
9092
9092
9092
9122
9122
9122
9122
9122
9122
9201
9201
9201
9201
9230
9230
9230
9279
9279
9279
9295
9295
9295
9335
9335
9335
9347
9347
9348
9355
9380
9380
9380
9380
9380
9380
9380
9380
9491
9493
9493
9493
9493
9496
9525
9528
9529
9529
9529
9529
9529
9529
9606
9606
9606
9606
9606
9606
9606
9606
9606
9606
9606
9809
9812
9812
9812
9812
9812
9812
9812
9812
9812
9812
9812
9818
9818
9818
9835
9835
9835
9871
9871
9871
9872
9881
9881
9881
9881
9881
9881
9881
9881
9881
9947
9948
10069
10071
10071
10074
10074
10074
10074
10074
10074
10074
10074
10074
10098
10099
10102
10107
10109
10109
10109
10113
10113
10113
10133
10133
10133
10133
10133
10159
10202
10203
10203
10206
10206
10206
10206
10206
10207
10207
10207
10255
10256
10256
10267
10267
10267
10267
10267
10316
10316
10316
10316
10316
10316
10316
10373
10373
10373
10373
10386
10386
10386
10386
10392
10426
10426
10439
10439
10439
10439
10439
10439
10439
10439
10439
10439
10442
10447
10447
10447
10470
10478
10482
10483
10492
10492
10493
10493
10504
10520
10520
10523
10523
10536
10551
10557
10558
10560
10561
10561
10574
10574
10592
10599
10599
10601
10603
10612
10627
10629
10637
10638
10643
10643
10647
10647
10660
10660
10660
10666
10683
10686
10692
10695
10701
10703
10703
10704
10710
10715
10733
10735
10735
10742
10743
10743
10748
10758
10771
10774
10783
10785
10788
10790
10791
10794
10794
10798
10805
10805
10805
10828
10830
10833
10833
10845
10846
10858
10860
10860
10861
10862
10865
10866
10868
10869
10871
10875
10904
10905
10905
10906
10906
10906
10906
10906
10923
10933
10938
10938
10944
10956
10957
10957
10960
10962
10964
10967
10968
10982
10983
10983
10983
10997
10997
10997
10997
11005
11005
11006
11009
11009
11009
11009
11037
11037
11040
11040
11040
11040
11057
11060
11061
11061
11063
11063
11069
11072
11081
11084
11084
11087
11090
11092
11093
11094
11096
11116
11116
11116
11116
11116
11116
11116
11121
11126
11143
11146
11146
11152
11153
11154
11156
11157
11158
11158
11159
11163
11163
11163
11181
11183
11183
11183
11192
11195
11196
11196
11198
11201
11203
11203
11203
11212
11212
11212
11214
11218
11218
11218
11232
11233
11236
11238
11238
11238
11238
11238
11238
11248
11248
11248
11248
11248
11248
11248
11248
