4466
4517
4588
4615
4624
4625
4650
4662
4674
4674
4676
4680
4680
4682
4683
4696
4805
4805
4805
4842
4842
4843
4843
4885
4885
4909
4909
4912
4954
4956
4987
4989
4992
4994
5027
5027
5029
5081
5081
5081
5082
5110
5132
5132
5187
5188
5190
5223
5223
5223
5345
5345
5345
5345
5345
5345
5345
5348
5355
5355
5355
5355
5355
5400
5630
5631
5634
5634
5634
5634
5634
5777
5778
5778
5778
5778
5781
5781
5783
5783
5785
5785
5785
5785
5845
5845
5914
5915
5915
5916
5917
5917
5918
5921
5921
5965
5965
5968
5968
5970
5970
5972
5975
5975
6007
6010
6010
6013
6013
6014
6017
6089
6090
6090
6092
6094
6148
6148
6148
6150
6168
6198
6395
6396
6399
6399
6399
6399
6401
6401
6401
6401
6402
6405
6406
6406
6407
6410
6410
6411
6492
6492
6492
6537
6537
6539
6539
6541
6542
6542
6614
6616
6616
6616
6631
6643
6705
6706
6706
6706
6729
6729
6731
6808
6808
6818
6839
6842
6843
6848
6848
6848
6848
6851
6917
6917
6918
6920
6920
6921
6984
6989
6989
6989
7011
7011
7202
7202
7202
7202
7202
7202
7204
7207
7207
7210
7212
7242
7242
7242
7242
7277
7277
7280
7282
7316
7316
7316
7360
7360
7363
7390
7393
7398
7398
7450
7450
7484
7484
7490
7492
7508
7509
7563
7563
7567
7573
7576
7579
7579
7579
7602
7604
7647
7821
7821
7824
7825
7825
7825
7825
7825
7825
7825
7825
7825
7825
7828
7828
7828
7840
7843
7845
7876
7925
7927
7927
7927
7929
7969
7969
7984
7984
7984
7984
7984
8019
8052
8052
8061
8061
8061
8139
8139
8139
8139
8139
8139
8148
8148
8170
8208
8208
8208
8210
8275
8275
8277
8279
8279
8279
8279
8279
8301
8321
8322
8342
8362
8363
8364
8364
8364
8364
8364
8472
8472
8473
8511
8518
8520
8520
8520
8523
8526
8582
8605
8691
8691
8691
8691
8691
8691
8691
8692
8692
8692
8692
8692
8692
8692
8760
8762
8764
8764
8764
8840
8840
8843
8846
8846
8846
8846
8864
8864
8864
8864
8868
8868
8868
8868
8868
8870
8880
8881
8881
8881
8883
8913
8915
8915
8915
8915
8959
8959
8959
8962
8962
8962
8995
9024
9024
9024
9041
9042
9042
9042
9042
9042
9084
9084
9084
9084
9084
9084
9131
9131
9131
9133
9133
9149
9201
9201
9204
9215
9215
9215
9242
9242
9242
9243
9243
9285
9285
9285
9285
9314
9315
9317
9318
9318
9318
9318
9318
9348
9371
9380
9383
9383
9391
9391
9400
9400
9403
9403
9415
9428
9483
9483
9483
9484
9484
9484
9484
9484
9504
9504
9504
9504
9541
9541
9541
9541
9573
9626
9626
9626
9626
9626
9626
9626
9628
9628
9628
9628
9628
9628
9659
9662
9662
9662
9662
9667
9667
9667
9667
9694
9694
9720
9729
9730
9730
9732
9734
9734
9736
9736
9770
9770
9777
9777
9801
9801
9801
9801
9801
9801
9825
9825
9825
9825
9828
9871
9871
9874
9875
9875
9876
9876
9876
9882
9885
9885
9925
9925
9932
9932
9932
9932
9932
9932
10039
10041
10044
10044
10044
10044
10044
10044
10122
10122
10122
10122
10122
10122
10124
10124
10124
10124
10124
10127
10127
10127
10127
10127
10130
10130
10250
10250
10250
10251
10251
10251
10251
10251
10251
10254
10254
10257
10257
10257
10257
10264
10264
10264
10267
10267
10269
10272
10273
10273
10273
10274
10275
10277
10279
10279
10279
10282
10283
10283
10285
10285
10285
10285
10287
10287
10287
10287
10287
10289
10289
10290
10290
10290
10290
10291
10291
10291
10291
10291
10291
10293
10293
10293
10293
10295
10297
10297
10297
10297
10297
10297
10297
10298
10298
10305
10305
10308
10312
10317
10320
10321
10323
10323
10325
10327
10334
10335
10335
10343
10358
10359
10361
10361
10361
10361
10362
10363
10366
10366
10381
10386
10388
10395
10395
10399
10403
10403
10405
10416
10418
10421
10421
10423
10423
10428
10428
10432
10439
10442
10442
10442
10442
10444
10444
10446
10461
10463
10463
10463
10463
10466
10468
10469
10477
10484
10486
10486
10486
10486
10496
10496
10498
10498
10500
10513
10513
10513
10517
10519
10521
10524
10525
10526
10530
10532
10532
10534
10534
10534
10536
10539
10542
10545
10548
10548
10550
10553
10565
10568
10571
10573
10573
10573
10573
10575
10578
10578
10581
10589
10589
10590
10590
10590
10590
10597
10598
10598
10600
10600
10603
10603
10605
10605
10607
10610
10610
10614
10614
10614
10621
10621
10629
10635
10635
10640
10642
10642
10642
10645
10645
10645
10645
10646
10653
10653
10656
10656
10656
10656
10657
10662
10662
10673
10673
10673
10673
10673
10675
10684
10684
10684
10684
10684
10690
10690
10690
10690
10690
10690
10690
10690
10698
10698
10700
10702
10702
10702
10705
10705
10707
10711
10713
10713
10713
10713
10713
10715
10715
10715
10715
10718
10721
10721
10722
10722
10722
10725
10725
10725
10728
10728
10728
10728
10728
10728
10728
10728
10728
