4466
4496
4499
4517
4551
4588
4649
4658
4683
4683
4734
4790
4799
4825
4829
4846
4903
4909
4956
5003
5007
5014
5070
5075
5090
5151
5224
5238
5290
5299
5301
5353
5353
5419
5467
5471
5483
5503
5560
5625
5655
5657
5733
5766
5773
5792
5860
5860
5869
5962
5962
5995
6013
6099
6099
6190
6190
6213
6241
6260
6313
6389
6419
6440
6441
6514
6514
6575
6613
6621
6659
6727
6907
6908
6908
6910
6910
6910
6910
6910
6910
6910
6910
6910
6910
7178
7178
7219
7219
7219
7219
7219
7219
7219
7219
7219
7219
7219
7599
7599
7662
7711
7711
7711
7711
7711
7872
7872
7872
7872
7872
7872
7872
7872
7872
7872
7872
7872
8188
8199
8199
8199
8199
8199
8199
8332
8332
8332
8397
8420
8451
8473
8488
8507
8526
8555
8572
8599
8618
8639
8658
8684
8703
8710
8740
8748
8771
8798
8807
8820
8841
8860
8880
8903
8912
8925
8948
8967
8973
8991
8998
9014
9040
9044
9072
9080
9087
9111
9122
9131
9136
9152
9172
9254
9254
9254
9254
9254
9254
9254
9254
