3318
3345
3361
3560
3621
3715
3936
3983
4069
4096
4119
4119
4119
4122
4145
4146
4146
4161
4161
4161
4164
4166
4166
4168
4168
4170
4170
4173
4173
4173
4176
4177
4177
4177
4177
4178
4178
4178
4178
4180
4181
4181
4181
4181
4181
4181
4183
4183
4185
4188
4188
4188
4188
4190
4190
4195
4195
4197
4198
4200
4202
4202
4202
4202
4205
4205
4207
4207
4207
4207
4257
4257
4257
4257
4257
4260
4260
4263
4263
4263
4263
4263
4264
4264
4264
4264
4265
4265
4266
4269
4269
4269
4272
4272
4275
4275
4275
4275
4275
4275
4275
4278
4279
4279
4281
4283
4285
4285
4288
4290
4290
4293
4293
4294
4296
4297
4298
4298
4298
4298
4300
4300
4300
4302
4303
4303
4303
4303
4303
4303
4304
4304
4305
4305
4305
4308
4308
4309
4312
4314
4314
4314
4316
4316
4316
4317
4319
4319
4319
4320
4320
4320
4320
4321
4321
4321
4321
4322
4322
4344
4344
4347
4349
4349
4349
4349
4349
4349
4349
4352
4354
4357
4360
4360
4360
4360
4360
4360
4360
4362
4362
4362
4365
4367
4367
4367
4367
4367
4367
4370
4370
4370
4370
4370
4370
4371
4374
4375
4377
4377
4377
4377
4379
4379
4379
4382
4383
4383
4385
4387
4387
4389
4391
4391
4391
4392
4392
4392
4395
4398
4401
4403
4405
4405
4405
4406
4409
4409
4409
4412
4412
4414
4414
4414
4414
4414
4414
4414
4415
4415
4415
4415
4415
4415
4415
4415
4415
4417
4419
4419
4419
4419
4419
4419
4419
4419
4419
4419
4419
4431
4431
4431
4431
4431
4431
4434
4434
4434
4434
4434
4434
4434
4434
4434
4434
4437
4438
4438
4438
4438
4439
4439
4441
4442
4442
4442
4445
4445
4451
4451
4452
4453
4453
4453
4459
4459
4459
4459
4459
4459
4459
4459
4459
4474
4474
4474
4474
4474
4474
4480
4480
4480
4480
4480
4480
4486
4486
4486
4486
4486
4486
4502
4505
4505
4508
4508
4508
4508
4511
4511
4511
4514
4515
4515
4515
4515
4520
4524
4527
4527
4527
4527
4527
4527
4535
4535
4535
4535
4535
4535
4535
4544
4544
4544
4544
4544
4544
4551
4551
4551
4557
4557
4557
4557
4562
4562
4562
4562
4563
4563
4569
4569
4569
4569
4569
4592
4606
4606
4606
4606
4611
4612
4612
4615
4615
4615
4615
4615
4615
4615
4615
4622
4622
4622
4625
4625
4627
4629
4629
4629
4629
4629
4629
4629
4633
4636
4636
4636
4636
4637
4637
4638
4638
4638
4638
4638
4638
4638
4638
4638
4638
4638
4646
4646
4646
4649
4649
4649
4649
4649
4649
4651
4651
4651
4652
4652
4652
4653
4653
4653
4653
4653
4655
4655
4655
4657
4657
4657
4658
4658
4661
4664
4664
4664
4664
4666
4666
4667
4668
4669
4669
4669
4669
4671
4671
4673
4673
4673
4673
4673
4676
4676
4676
4678
4678
4679
4679
4682
4682
4683
4684
4687
4690
4690
4692
4694
4697
4698
4698
4701
4704
4707
4708
4709
4709
4710
4710
4710
4713
4713
4713
4713
4713
4713
4714
4714
4714
4717
4717
4717
4720
4723
4723
4723
4724
4726
4729
4732
4732
4732
4732
4732
4732
4735
4737
4737
4738
4738
4738
4741
4741
4741
4742
4742
4742
4742
4742
4743
4743
4743
4743
4743
4743
4743
4743
4743
4743
4743
4743
4743
4743
4743
4743
4743
4743
4743
4743
4743
4743
4743
4743
4743
4743
4743
4743
4743
4743
4743
4743
4743
4743
4743
4743
4743
4743
4743
4743
4743
4743
4743
4743
4743
4743
4743
4743
4743
4743
4743
4743
4743
4743
4743
4743
4743
4743
4743
4743
4743
4743
4743
4743
4743
