3318
3345
3361
3560
3621
3715
3936
3983
4069
4096
4119
4119
4119
4297
4297
4297
4299
4302
4318
4320
4322
4322
4322
4322
4322
4322
4322
4322
4325
4326
4326
4326
4326
4327
4327
4352
4352
4352
4352
4352
4352
4354
4362
4362
4365
4365
4368
4368
4368
4368
4371
4373
4373
4373
4385
4385
4388
4390
4392
4394
4455
4455
4456
4456
4456
4459
4462
4462
4464
4464
4464
4464
4464
4464
4464
4464
4464
4464
4464
4464
4465
4465
4465
4467
4467
4468
4470
4470
4473
4798
4799
4799
4800
4803
4803
4803
4803
4803
4803
4804
4804
4804
4806
4806
4807
4810
4810
4810
4810
4812
4813
4814
4816
4816
4816
4816
4816
4816
4816
4816
4816
4816
4819
4819
4819
4819
4859
4862
4862
4862
4862
4865
4868
4868
4868
4868
4869
4869
4872
4873
4873
4873
4873
4873
4874
4875
4875
4876
4876
4877
4878
4878
4880
4880
4880
4882
4882
4882
4882
4883
4885
4888
4888
4888
4888
4889
4890
4890
4890
4890
4890
4891
4892
4895
4897
4897
4897
4899
4899
4900
4900
4900
4901
4901
4901
4903
4904
4904
4904
4906
4906
4906
4906
4906
4909
4909
4909
4910
4910
4910
4910
4910
4913
4913
4914
4914
4914
4914
4914
4920
4920
4920
4928
4928
4928
4929
4929
4929
4931
4934
4934
4934
4936
4936
4936
4936
4938
4938
4938
4938
4938
4941
4941
4941
4941
4941
4943
4944
4946
4946
4946
4946
4946
4946
4946
4946
4946
4956
4956
4958
4958
4958
4958
4960
4962
4964
4964
4964
4964
4964
4964
4964
4964
4964
4964
4964
4964
4964
4964
4964
4966
4966
4966
4966
4970
4970
4972
4974
4974
4974
4974
4977
4977
4977
4977
4977
4979
4982
4982
4983
4983
4985
4985
4985
4985
4987
4987
4987
4987
4987
4989
4992
4992
4993
4993
4993
4996
4996
4996
4999
5002
5002
5002
5002
5002
5002
5006
5006
5009
5009
5010
5010
5012
5012
5015
5015
5015
5015
5015
5019
5019
5020
5020
5020
5020
5020
5021
5021
5021
5021
5021
5021
5021
5021
5021
5021
5021
5021
5021
5021
5021
5021
5021
5021
5021
5021
5021
5021
5021
5021
5021
5021
5021
5021
5021
5021
5021
5021
5021
5021
5021
5021
5021
5021
5021
5021
5021
5021
5021
5021
5021
5021
5021
5021
5021
5021
5021
5021
5021
5021
5021
5021
5021
5021
5021
5021
5021
5021
5021
5021
5021
5021
5021
5021
5021
5021
5021
5021
5021
5021
5021
5021
5021
5021
5021
5021
5021
5021
5021
5021
5021
5021
5021
5021
5021
5021
5021
5021
5021
5021
5021
5021
5021
5021
5021
5021
5021
5021
5021
5021
5021
5021
5021
5021
5021
5021
5021
5021
5021
5021
5021
5021
5021
5021
5021
5021
5021
5021
5021
5021
5021
5021
5021
5021
5021
5021
5021
5021
5021
5021
5021
5021
