3318
3345
3361
3560
3621
3715
3936
3983
4069
4096
4119
4119
4119
4130
4251
4251
4251
4254
4254
4256
4258
4258
4258
4258
4258
4285
4285
4285
4285
4285
4287
4288
4288
4290
4291
4291
4291
4293
4297
4297
4297
4297
4300
4300
4300
4300
4311
4312
4313
4313
4313
4316
4319
4321
4321
4321
4321
4322
4322
4322
4325
4325
4327
4330
4330
4330
4332
4332
4345
4348
4348
4351
4352
4352
4353
4356
4356
4356
4361
4361
4361
4512
4514
4516
4517
4517
4518
4518
4518
4518
4519
4521
4521
4524
4527
4530
4530
4530
4531
4532
4533
4533
4534
4535
4535
4535
4538
4540
4540
4541
4541
4542
4542
4542
4542
4544
4544
4545
4548
4548
4550
4550
4550
4550
4550
4550
4550
4551
4551
4551
4551
4554
4557
4557
4557
4560
4563
4563
4564
4565
4565
4567
4567
4567
4570
4573
4573
4574
4574
4576
4579
4582
4585
4585
4585
4585
4705
4705
4707
4710
4710
4710
4710
4713
4714
4714
4716
4716
4716
4716
4716
4716
4718
4718
4721
4722
4722
4725
4725
4725
4726
4726
4726
4726
4726
4729
4732
4733
4734
4734
4734
4734
4734
4734
4736
4736
4736
4736
4736
4738
4738
4738
4738
4738
4738
4738
4739
4742
4743
4743
4743
4744
4744
4745
4747
4747
4747
4747
4747
4748
4748
4751
4751
4751
4751
4754
4755
4755
4755
4761
4763
4763
4763
4763
4763
4763
4768
4768
4770
4771
4771
4771
4771
4771
4772
4774
4774
4774
4776
4776
4776
4777
4777
4779
4779
4779
4779
4781
4781
4781
4781
4782
4782
4782
4782
4782
4782
4782
4782
4785
4785
4785
4785
4785
4785
4785
4785
4786
4786
4787
4787
4793
4793
4795
4795
4796
4797
4797
4800
4800
4800
4800
4800
4802
4804
4804
4807
4807
4807
4809
4809
4809
4809
4809
4811
4811
4811
4811
4811
4820
4820
4820
4820
4821
4821
4821
4821
4821
4821
4821
4821
4821
4821
4821
4821
4821
4821
4821
4821
4821
4821
4821
4821
4821
4821
4821
4821
4821
4821
4821
4821
4821
4821
4821
4821
4821
4821
4821
4821
4821
4821
4821
4821
4821
4821
4821
4821
4821
4821
4821
4821
4821
4821
4821
4821
4821
4821
4821
4821
4821
4821
4821
4821
4821
4821
4821
4821
4821
4821
4821
4821
4821
4821
4821
4821
4821
4821
4821
4821
4821
4821
4821
4821
4821
4821
4821
4821
4821
4821
4821
4821
4821
4821
4821
4821
4821
4821
4821
4821
4821
4821
4821
4821
4821
4821
4821
4821
4821
4821
4821
4821
4821
4821
4821
4821
4821
4821
4821
4821
4821
4821
4821
4821
4821
4821
4821
4821
4821
4821
4821
4821
4821
4821
4821
4821
4821
4821
4821
4821
4821
4821
4821
4821
4821
4821
4821
4821
4821
4821
4821
4821
4821
4821
4821
4821
4821
4821
4821
4821
4821
4821
4821
4821
4821
4821
4821
4821
4821
