3318
3345
3361
3560
3621
3715
3936
3983
4069
4096
4119
4119
4119
4224
4227
4237
4240
4240
4240
4240
4240
4240
4261
4271
4271
4272
4275
4275
4275
4276
4276
4276
4282
4284
4285
4285
4441
4442
4442
4445
4447
4447
4447
4447
4449
4449
4449
4449
4450
4450
4450
4557
4557
4562
4564
4567
4567
4570
4570
4570
4570
4571
4571
4571
4571
4571
4572
4575
4576
4576
4576
4579
4579
4581
4581
4581
4581
4581
4581
4581
4582
4582
4582
4584
4585
4588
4590
4590
4590
4590
4590
4590
4593
4596
4596
4596
4596
4596
4598
4598
4598
4598
4599
4599
4602
4604
4607
4607
4607
4610
4610
4610
4610
4610
4613
4613
4613
4613
4616
4616
4616
4617
4619
4622
4622
4622
4624
4624
4626
4626
4626
4627
4627
4627
4627
4627
4629
4632
4632
4635
4635
4635
4636
4638
4638
4638
4638
4641
4641
4641
4641
4641
4643
4644
4645
4646
4649
4652
4652
4652
4652
4654
4654
4656
4659
4659
4659
4662
4662
4664
4664
4667
4667
4669
4669
4672
4672
4673
4673
4673
4673
4673
4675
4678
4680
4682
4685
4688
4688
4688
4688
4688
4688
4688
4691
4693
4693
4696
4696
4696
4697
4697
4697
4697
4699
4702
4702
4704
4704
4704
4704
4704
4704
4705
4705
4705
4708
4708
4711
4712
4712
4712
4715
4715
4717
4719
4719
4719
4720
4720
4720
4720
4720
4720
4725
4727
4730
4730
4730
4730
4732
4732
4732
4732
4732
4732
4732
4732
4732
4732
4732
4732
4742
4742
4742
4742
4742
4750
4750
4750
4750
4750
4754
4754
4755
4755
4755
4755
4755
4755
4755
4755
4755
4755
4755
4755
4755
4755
4755
4755
4767
4767
4767
4767
4773
4773
4773
4773
4773
4773
4784
4784
4784
4784
4784
4784
4784
4784
4784
4784
4791
4791
4792
4792
4792
4792
4792
4792
4792
4792
4792
4792
4792
4792
4792
4799
4799
4799
4799
4799
4799
4799
4807
4807
4807
4807
4807
4807
4807
4807
4807
4807
4807
4807
4823
4823
4823
4823
4823
4825
4825
4825
4825
4825
4825
4825
4825
4825
4825
4832
4832
4832
4832
4832
4836
4836
4836
4836
4836
4836
4836
4836
4837
4837
4837
4837
4837
4837
4837
4843
4843
4843
4843
4843
4849
4851
4853
4856
4856
4857
4857
4860
4860
4860
4866
4866
4866
4866
4866
4869
4872
4872
4872
4872
4874
4874
4874
4876
4876
4877
4877
4877
4880
4880
4880
4881
4883
4883
4883
4883
4883
4883
4884
4884
4884
4884
4884
4886
4889
4890
4892
4892
4892
4895
4895
4896
4896
4896
4896
4898
4898
4898
4899
4899
4900
4902
4905
4908
4908
4910
4910
4910
4910
4911
4911
4912
4914
4914
4914
4914
4914
4915
4916
4919
4920
4920
4920
4922
4922
4925
4927
4928
4930
4930
4931
4931
4931
4931
4931
4931
4932
4934
4934
4934
4934
4935
4937
4938
4938
4938
4938
4941
4941
4941
4941
4941
4943
4943
4944
4944
4945
4945
4945
4946
4949
4951
4951
4951
4954
4956
4958
4959
4959
4959
4962
4964
4964
4964
4965
4966
4967
4969
4969
4969
4969
4969
4971
4971
4971
4972
4972
4975
4975
4975
4977
4980
4980
4980
4980
4980
4980
4980
4980
4980
4980
4980
4980
4980
4980
4980
4980
4980
4980
4980
4980
4980
4980
4980
4980
4980
