3318
3345
3361
3560
3621
3715
3936
3983
4069
4096
4119
4119
4119
4139
4143
4143
4190
4193
4196
4245
4245
4245
4245
4245
4245
4245
4245
4245
4245
4245
4245
4245
4245
4247
4247
4247
4248
4250
4253
4253
4253
4253
4253
4253
4256
4257
4257
4258
4258
4258
4274
4275
4275
4275
4275
4275
4275
4278
4278
4278
4278
4278
4278
4278
4278
4280
4280
4280
4280
4280
4282
4285
4287
4288
4288
4288
4288
4288
4288
4288
4288
4289
4289
4292
4293
4293
4296
4390
4390
4390
4390
4393
4394
4397
4397
4399
4399
4400
4400
4401
4402
4402
4402
4402
4405
4405
4405
4405
4405
4405
4408
4410
4410
4413
4413
4414
4414
4414
4416
4418
4418
4420
4420
4420
4423
4424
4426
4427
4428
4431
4434
4436
4437
4437
4437
4437
4437
4439
4440
4443
4443
4444
4444
4444
4444
4444
4549
4550
4550
4550
4550
4553
4553
4555
4558
4559
4560
4560
4560
4560
4560
4562
4563
4564
4564
4564
4564
4564
4564
4564
4564
4564
4564
4567
4567
4567
4567
4567
4567
4567
4570
4570
4570
4570
4571
4571
4573
4573
4573
4576
4577
4577
4577
4577
4577
4577
4580
4580
4580
4580
4580
4580
4580
4582
4582
4585
4587
4587
4587
4589
4589
4589
4589
4589
4592
4595
4595
4595
4596
4596
4596
4596
4597
4597
4597
4597
4597
4597
4598
4598
4598
4603
4603
4605
4605
4605
4606
4606
4606
4606
4609
4611
4612
4612
4614
4614
4620
4622
4622
4625
4625
4625
4625
4628
4628
4628
4632
4632
4632
4636
4636
4638
4638
4641
4644
4646
4646
4646
4646
4646
4646
4651
4651
4651
4651
4651
4651
4651
4651
4651
4652
4652
4652
4677
4680
4680
4680
4681
4681
4684
4684
4684
4684
4685
4685
4685
4691
4694
4694
4697
4697
4697
4698
4698
4698
4698
4698
4726
4729
4729
4729
4730
4733
4733
4736
4736
4736
4736
4739
4739
4739
4743
4743
4746
4746
4746
4746
4748
4748
4751
4753
4753
4754
4754
4754
4757
4757
4757
4757
4757
4757
4757
4757
4757
4757
4757
4757
4757
4757
4757
4757
4757
4757
4757
4757
4757
4757
4757
4757
4757
4757
4757
4757
4757
4757
4757
4757
4757
4757
4757
4757
4757
4757
4757
4757
4757
4757
4757
4757
4757
4757
4757
4757
4757
4757
4757
4757
4757
4757
4757
4757
4757
4757
4757
4757
4757
4757
4757
4757
4757
4757
4757
4757
4757
4757
4757
4757
4757
4757
4757
4757
4757
4757
4757
4757
4757
4757
4757
4757
4757
4757
4757
4757
4757
4757
4757
4757
4757
4757
4757
4757
4757
4757
4757
4757
4757
4757
4757
4757
4757
4757
4757
4757
4757
4757
4757
4757
4757
4757
4757
4757
4757
4757
4757
4757
4757
4757
4757
4757
4757
4757
4757
4757
4757
4757
4757
4757
4757
4757
4757
4757
4757
4757
4757
4757
4757
4757
4757
4757
4757
4757
