3318
3345
3361
3560
3621
3715
3936
3983
4069
4096
4119
4119
4119
4189
4189
4189
4189
4189
4190
4190
4190
4196
4206
4209
4212
4212
4212
4212
4214
4214
4217
4217
4220
4220
4220
4220
4223
4223
4223
4223
4223
4223
4226
4229
4231
4231
4231
4233
4234
4237
4237
4237
4237
4237
4240
4240
4240
4242
4245
4245
4339
4339
4339
4339
4341
4341
4341
4342
4345
4345
4348
4349
4349
4349
4351
4351
4354
4355
4355
4355
4356
4356
4358
4358
4361
4361
4364
4366
4367
4368
4368
4368
4368
4371
4371
4436
4436
4436
4436
4436
4436
4437
4437
4437
4438
4440
4440
4443
4446
4446
4446
4446
4448
4450
4450
4452
4452
4453
4456
4456
4456
4456
4457
4457
4459
4459
4459
4459
4460
4460
4462
4463
4481
4481
4481
4481
4481
4481
4483
4483
4483
4483
4483
4483
4484
4484
4487
4488
4489
4492
4493
4493
4493
4493
4493
4494
4495
4497
4497
4498
4501
4575
4575
4578
4578
4579
4579
4582
4582
4582
4588
4590
4591
4591
4591
4591
4591
4591
4591
4591
4592
4592
4592
4594
4597
4600
4603
4603
4619
4619
4619
4620
4620
4623
4623
4623
4625
4639
4639
4642
4669
4669
4669
4669
4669
4669
4746
4747
4747
4747
4747
4747
4749
4749
4752
4752
4755
4755
4757
4757
4781
4781
4781
4781
4809
4873
4873
4873
4876
4876
4876
4877
4877
4877
4880
4880
4880
4883
4885
4887
4887
4887
4887
4887
4887
4925
4925
4925
4925
4935
4968
4968
4971
4971
4971
4985
4985
4985
4985
4987
4987
4990
5003
5014
5014
5014
5014
5014
5014
5040
5041
5042
5042
5042
5042
5042
5042
5042
5070
5070
5073
5075
5075
5075
5163
5163
5163
5163
5163
5163
5163
5163
5163
5163
5179
5179
5181
5181
5181
5181
5184
5184
5187
5187
5187
5187
5190
5191
5191
5191
5192
5192
5192
5195
5195
5195
5195
5195
5197
5197
5197
5197
5203
5203
5203
5203
5203
5203
5203
5205
5205
5205
5205
5205
5208
5208
5211
5212
5214
5216
5217
5217
5220
5220
5220
5220
5221
5221
5221
5221
5221
5223
5226
5226
5227
5227
5227
5227
5228
5228
5228
5228
5228
5228
5228
5228
5228
5228
5228
5228
5228
5228
5228
5228
5228
5228
5228
5228
5228
5228
5228
5228
5228
5228
5228
5228
5228
5228
5228
5228
5228
5228
5228
5228
5228
5228
5228
5228
5228
5228
5228
5228
5228
5228
5228
5228
5228
5228
5228
5228
5228
5228
5228
5228
5228
5228
5228
5228
5228
5228
5228
5228
5228
5228
5228
5228
5228
5228
5228
5228
5228
5228
5228
5228
5228
5228
5228
5228
5228
5228
5228
5228
5228
5228
5228
5228
5228
5228
5228
5228
5228
5228
5228
5228
5228
5228
