3318
3345
3361
3560
3621
3715
3936
3983
4069
4096
4119
4119
4119
4197
4197
4197
4197
4200
4202
4202
4206
4206
4206
4209
4209
4209
4209
4211
4211
4211
4215
4215
4215
4218
4218
4218
4220
4221
4224
4224
4224
4227
4227
4229
4232
4242
4244
4244
4271
4271
4273
4273
4273
4273
4273
4275
4275
4277
4277
4280
4281
4281
4281
4281
4282
4282
4282
4282
4282
4282
4282
4284
4284
4284
4287
4290
4293
4296
4296
4298
4300
4300
4300
4303
4303
4305
4305
4356
4356
4359
4359
4359
4359
4359
4362
4363
4363
4363
4363
4363
4363
4366
4368
4369
4371
4371
4374
4374
4374
4374
4374
4377
4378
4378
4378
4381
4381
4382
4382
4383
4385
4385
4385
4386
4386
4386
4386
4386
4386
4386
4386
4386
4387
4387
4536
4536
4536
4537
4538
4539
4539
4540
4540
4540
4542
4542
4542
4542
4542
4544
4546
4546
4547
4547
4547
4550
4552
4552
4552
4555
4556
4558
4558
4560
4562
4562
4563
4563
4563
4563
4563
4563
4564
4566
4566
4567
4567
4569
4637
4637
4640
4640
4642
4645
4648
4648
4648
4650
4650
4652
4652
4652
4655
4656
4656
4656
4659
4662
4662
4662
4664
4664
4664
4664
4664
4664
4664
4664
4665
4667
4670
4672
4672
4672
4672
4674
4675
4675
4676
4679
4679
4679
4679
4679
4681
4681
4682
4684
4684
4684
4684
4686
4686
4686
4689
4690
4690
4693
4693
4693
4694
4697
4697
4697
4699
4699
4699
4699
4702
4705
4705
4705
4705
4705
4705
4705
4706
4709
4709
4711
4711
4711
4711
4711
4711
4716
4717
4717
4717
4717
4717
4717
4717
4717
4728
4728
4728
4728
4728
4728
4728
4729
4729
4733
4733
4736
4738
4738
4738
4738
4738
4738
4738
4739
4741
4741
4741
4743
4743
4745
4747
4748
4750
4750
4750
4754
4755
4755
4755
4755
4755
4755
4755
4755
4755
4755
4755
4755
4755
4755
4755
4755
4755
4755
4755
4755
4755
4755
4755
4755
4755
4755
4755
4755
4755
4755
4755
4755
4755
4755
4755
4755
4755
4755
4755
4755
4755
4755
4755
4755
4755
4755
4755
4755
4755
4755
4755
4755
4755
4755
4755
4755
4755
4755
4755
4755
4755
4755
4755
4755
4755
4755
4755
4755
4755
4755
4755
4755
4755
4755
4755
4755
4755
4755
4755
4755
4755
4755
4755
4755
4755
4755
4755
4755
4755
4755
4755
4755
4755
4755
4755
4755
4755
4755
4755
4755
4755
4755
4755
4755
4755
4755
4755
4755
4755
4755
4755
4755
4755
4755
4755
4755
4755
4755
4755
4755
4755
4755
4755
4755
4755
4755
4755
4755
4755
4755
4755
4755
4755
4755
4755
4755
4755
4755
4755
4755
4755
4755
4755
4755
4755
4755
4755
4755
4755
4755
4755
4755
4755
4755
4755
4755
4755
4755
4755
4755
4755
4755
4755
4755
4755
4755
4755
4755
4755
4755
4755
4755
4755
4755
4755
4755
4755
