3318
3345
3361
3560
3621
3715
3936
3983
4069
4096
4119
4119
4119
4130
4185
4185
4186
4194
4195
4195
4198
4198
4199
4201
4201
4201
4201
4201
4203
4203
4203
4203
4204
4204
4204
4204
4204
4206
4208
4208
4209
4261
4261
4263
4265
4307
4307
4307
4307
4310
4312
4312
4313
4316
4316
4316
4316
4316
4316
4318
4321
4321
4324
4324
4324
4326
4328
4328
4328
4330
4330
4330
4330
4330
4330
4330
4330
4330
4330
4330
4330
4331
4331
4331
4331
4333
4333
4335
4336
4336
4336
4337
4338
4338
4338
4339
4342
4342
4345
4345
4345
4346
4346
4347
4349
4351
4351
4351
4354
4354
4356
4359
4359
4360
4362
4365
4365
4368
4370
4371
4374
4374
4375
4375
4375
4375
4375
4376
4377
4380
4381
4381
4381
4381
4382
4383
4385
4385
4388
4388
4388
4389
4391
4391
4394
4394
4394
4394
4394
4394
4395
4398
4399
4402
4417
4420
4420
4420
4421
4421
4423
4426
4426
4426
4426
4439
4440
4443
4443
4443
4557
4557
4560
4560
4560
4560
4560
4560
4560
4562
4565
4565
4565
4568
4568
4571
4573
4573
4573
4575
4575
4575
4575
4576
4576
4576
4576
4586
4586
4586
4603
4603
4633
4633
4633
4633
4634
4641
4641
4641
4641
4641
4667
4670
4670
4670
4670
4687
4687
4702
4702
4713
4725
4727
4733
4733
4733
4734
4734
4734
4734
4734
4734
4776
4776
4776
4776
4782
4796
4797
4801
4802
4820
4821
4833
4833
4833
4842
4842
4842
4842
4842
4905
4905
4905
4905
4908
4908
4908
4909
4909
4911
4912
4912
4912
4912
4912
4912
4912
4912
4912
4915
4918
4918
4918
5027
5029
5029
5029
5029
5029
5029
5031
5031
5031
5031
5031
5031
5033
5033
5033
5039
5039
5041
5041
5043
5043
5046
5049
5049
5049
5049
5049
5049
5056
5057
5059
5061
5061
5061
5063
5063
5063
5063
5063
5068
5068
5068
5068
5068
5068
5068
5068
5068
5069
5070
5070
5070
5070
5070
5070
5073
5076
5077
5077
5077
5080
5080
5081
5081
5082
5082
5082
5082
5082
5082
5082
5082
5082
5082
5082
5082
5082
5082
5082
5082
5082
5082
5082
5082
5082
5082
5082
5082
5082
5082
5082
5082
5082
5082
5082
5082
5082
5082
5082
5082
5082
5082
5082
5082
5082
5082
5082
5082
5082
5082
5082
5082
5082
5082
5082
5082
5082
5082
5082
5082
5082
5082
5082
5082
5082
5082
5082
5082
5082
5082
5082
5082
5082
5082
5082
5082
5082
5082
5082
5082
5082
5082
5082
5082
5082
5082
5082
5082
5082
5082
5082
5082
5082
5082
5082
5082
5082
5082
5082
5082
5082
5082
5082
5082
5082
5082
5082
5082
5082
5082
5082
5082
5082
5082
