3318
3345
3361
3560
3621
3715
3936
3983
4069
4096
4119
4119
4119
4145
4180
4207
4343
4343
4343
4414
4414
4414
4416
4416
4416
4417
4417
4417
4417
4418
4419
4419
4419
4419
4419
4419
4420
4420
4420
4420
4421
4421
4421
4424
4424
4429
4432
4432
4432
4432
4432
4432
4434
4434
4434
4435
4438
4440
4440
4466
4466
4466
4466
4468
4468
4470
4473
4474
4477
4477
4479
4480
4480
4481
4484
4731
4733
4736
4739
4740
4740
4743
4745
4747
4748
4749
4749
4749
4752
4752
4754
4754
4754
4754
4754
4754
4754
4754
4754
4754
4754
4756
4759
4759
4762
4763
4763
4765
4765
4765
4765
4766
4769
4769
4769
4769
4769
4769
4769
4769
4769
4769
4769
4769
4769
4769
4769
4769
4771
4771
4771
4773
4773
4776
4776
4777
4779
4782
4783
4786
4786
4788
5094
5094
5094
5097
5099
5099
5099
5099
5099
5099
5099
5099
5102
5102
5102
5102
5103
5106
5107
5107
5107
5107
5109
5109
5109
5112
5112
5113
5113
5113
5113
5113
5114
5114
5114
5116
5116
5116
5116
5119
5119
5120
5123
5124
5124
5124
5124
5124
5124
5124
5124
5127
5127
5130
5130
5131
5131
5131
5131
5131
5132
5133
5133
5133
5133
5133
5137
5139
5139
5139
5139
5139
5141
5141
5141
5145
5145
5149
5149
5149
5151
5151
5151
5155
5156
5156
5156
5157
5157
5157
5157
5157
5157
5157
5157
5157
5157
5159
5159
5159
5159
5161
5161
5161
5162
5162
5165
5165
5165
5169
5169
5169
5171
5171
5174
5176
5177
5177
5177
5177
5177
5179
5180
5182
5185
5185
5185
5185
5192
5192
5192
5194
5194
5194
5194
5194
5197
5199
5199
5199
5199
5199
5199
5199
5199
5202
5202
5202
5202
5204
5204
5206
5209
5212
5215
5218
5218
5218
5220
5223
5223
5225
5225
5225
5228
5229
5229
5229
5229
5229
5230
5230
5230
5230
5230
5230
5230
5230
5232
5232
5232
5232
5235
5235
5235
5235
5235
5235
5235
5238
5241
5242
5242
5245
5245
5248
5248
5248
5250
5253
5253
5253
5253
5253
5253
5253
5254
5255
5255
5255
5255
5255
5255
5255
5255
5255
5255
5255
5255
5255
5255
5255
5255
5255
5255
5255
5255
5255
5255
5255
5255
5255
5255
5255
5255
5255
5255
5255
5255
5255
5255
5255
5255
5255
5255
5255
5255
5255
5255
5255
5255
5255
5255
5255
5255
5255
5255
5255
5255
5255
5255
5255
5255
5255
5255
5255
5255
5255
5255
5255
5255
5255
5255
5255
5255
5255
5255
5255
5255
5255
5255
5255
5255
5255
5255
5255
5255
5255
5255
5255
5255
5255
5255
5255
5255
5255
5255
5255
5255
5255
5255
5255
5255
5255
5255
5255
5255
5255
5255
5255
5255
5255
5255
5255
5255
5255
5255
5255
5255
5255
5255
5255
5255
5255
5255
5255
5255
5255
5255
5255
5255
