3318
3345
3361
3560
3621
3715
3936
3983
4069
4096
4119
4119
4119
4279
4279
4279
4279
4279
4282
4282
4285
4324
4324
4324
4324
4326
4329
4331
4333
4333
4333
4335
4336
4339
4342
4342
4342
4342
4342
4342
4342
4344
4344
4344
4344
4344
4345
4345
4345
4346
4346
4349
4349
4349
4349
4349
4352
4352
4352
4353
4354
4354
4354
4354
4357
4357
4360
4360
4360
4360
4360
4360
4360
4360
4363
4363
4371
4371
4371
4374
4374
4374
4374
4374
4375
4375
4375
4377
4377
4377
4377
4377
4377
4377
4380
4380
4380
4380
4380
4382
4382
4385
4391
4394
4394
4394
4394
4394
4394
4394
4394
4394
4571
4573
4573
4573
4573
4573
4573
4573
4574
4574
4574
4574
4575
4575
4577
4577
4578
4579
4579
4579
4582
4582
4582
4584
4584
4586
4586
4589
4592
4592
4595
4597
4597
4600
4601
4601
4601
4603
4603
4603
4603
4603
4603
4603
4603
4604
4604
4607
4609
4609
4610
4610
4611
4611
4611
4611
4612
4612
4612
4612
4612
4614
4616
4697
4697
4698
4698
4699
4699
4699
4700
4701
4704
4704
4704
4704
4704
4705
4706
4706
4706
4708
4708
4708
4710
4710
4710
4713
4713
4715
4715
4715
4715
4715
4718
4718
4721
4721
4724
4725
4875
4875
4875
4878
4878
4878
4880
4880
4880
4883
4883
4883
4883
4883
4883
4884
4885
4885
4885
4887
4887
4887
4887
4887
4887
4887
4887
4887
4887
4887
4887
4887
4887
4887
4887
4887
4887
4887
4898
4898
4898
4898
4898
4898
4898
4898
4898
4898
4898
4898
4898
4900
4900
4900
4902
4902
4904
4904
4904
4904
4905
4905
4905
4905
4905
4905
4915
4916
4916
4916
4916
4916
4921
4921
4921
4921
4921
4921
4924
4924
4925
4925
4925
4925
4925
4927
4927
4927
4927
4930
4930
4933
4933
4933
4933
4933
4933
4933
4933
4933
4933
4933
4933
4946
4946
4946
4946
4946
4946
4950
4950
4950
4950
4950
4950
4954
4954
4954
4954
4954
4957
4957
4957
4957
4957
4957
4958
4958
4958
4958
4958
4958
4958
4958
4958
4958
4958
4958
4962
4962
4962
4962
4962
4962
4962
4962
4962
4962
4962
4968
4968
4970
4970
4970
4973
4973
4973
4973
4978
4978
4980
4980
4981
4981
4982
4982
4982
4988
4988
4988
4988
4990
4990
4990
4990
4993
4993
4993
4993
4993
4993
4993
5010
5012
5013
5013
5013
5013
5016
5016
5016
5017
5017
5020
5020
5020
5020
5020
5022
5022
5023
5025
5028
5028
5028
5028
5028
5028
5028
5030
5030
5030
5030
5032
5032
5033
5034
5034
5034
5034
5034
5034
5034
5034
5035
5037
5038
5038
5038
5038
5043
5046
5046
5055
5057
5070
5070
5070
5070
5072
5072
5073
5075
5075
5078
5083
5083
5085
5086
5103
5105
5108
5108
5109
5109
5109
5109
5114
5114
5117
5117
5117
5118
5118
5120
5120
5123
5123
5140
5140
5140
5140
5140
5140
5142
5143
5143
5143
5151
5158
5159
5162
5162
5163
5163
5163
5164
5164
5166
5166
5166
5168
5171
5171
5171
5172
5173
5173
5192
5192
5194
5194
5197
5197
5197
5197
5197
5198
5198
5199
5200
5201
5202
5202
5203
5203
5205
5205
5205
5207
5207
5207
5209
5209
5209
5209
5209
5209
5209
5209
5212
5212
5212
5214
5215
5215
5215
5216
5216
5216
5216
5216
5216
5216
5216
