3318
3345
3361
3560
3621
3715
3936
3983
4069
4096
4119
4119
4119
4169
4172
4172
4172
4172
4172
4175
4175
4175
4177
4177
4177
4193
4193
4193
4194
4197
4197
4197
4199
4199
4199
4206
4206
4208
4208
4211
4211
4213
4215
4217
4217
4217
4217
4217
4217
4217
4219
4219
4219
4220
4222
4222
4222
4222
4222
4222
4222
4226
4226
4228
4229
4229
4229
4229
4229
4232
4234
4304
4304
4304
4305
4305
4307
4308
4311
4314
4317
4317
4317
4317
4317
4320
4321
4322
4322
4325
4325
4326
4326
4326
4326
4326
4328
4331
4331
4331
4331
4333
4336
4336
4337
4339
4341
4342
4342
4342
4343
4344
4346
4346
4349
4349
4351
4354
4356
4356
4356
4356
4357
4360
4360
4363
4363
4363
4365
4365
4365
4365
4365
4367
4368
4369
4369
4370
4370
4372
4372
4372
4373
4373
4376
4376
4376
4378
4380
4382
4383
4383
4383
4385
4386
4389
4392
4394
4394
4394
4397
4397
4400
4400
4400
4400
4400
4400
4400
4400
4402
4409
4409
4411
4411
4413
4415
4417
4420
4420
4421
4421
4424
4427
4427
4427
4436
4436
4436
4436
4437
4437
4437
4437
4438
4439
4447
4447
4447
4448
4448
4448
4448
4448
4454
4455
4456
4458
4459
4462
4469
4469
4533
4535
4535
4535
4535
4535
4538
4538
4539
4539
4539
4542
4545
4545
4545
4545
4547
4547
4550
4550
4553
4553
4553
4554
4555
4558
4558
4561
4562
4563
4566
4566
4566
4566
4566
4566
4566
4569
4573
4573
4573
4573
4573
4573
4573
4573
4573
4573
4576
4576
4576
4578
4578
4578
4578
4581
4581
4581
4581
4581
4581
4581
4581
4581
4581
4581
4581
4581
4613
4613
4619
4622
4624
4625
4625
4625
4625
4625
4625
4625
4625
4625
4625
4625
4625
4646
4647
4647
4647
4647
4647
4647
4647
4661
4661
4661
4661
4661
4661
4661
4687
4687
4687
4690
4690
4690
4690
4702
4702
4702
4702
4702
4702
4702
4702
4702
4702
4702
4702
4702
4702
4702
4702
4702
4702
4702
4777
4777
4777
4821
4821
4821
4821
4821
4824
4824
4824
4824
4824
4827
4827
4827
4827
4830
4831
4833
4833
4833
4833
4833
4835
4835
4835
4835
4835
4835
4835
4885
4885
4885
4885
4886
4886
4886
4886
4891
4891
4891
4891
4891
4891
4895
4895
4895
4895
4901
4901
4901
4901
4905
4905
4905
4905
4905
4911
4911
4912
4912
4912
4914
4914
4914
4917
4917
4918
4920
4920
4920
4920
4920
4925
4925
4925
4925
4925
4925
4928
4928
4928
4928
4929
4929
4929
4929
4929
4929
4929
4932
4932
4932
4932
4932
4932
4932
4932
4935
4938
4939
4939
4939
4941
4942
4945
4945
4948
4948
4948
4949
4950
4951
4954
4954
4954
4954
4954
4957
4957
4960
4960
4962
4962
4962
4964
4964
4964
4965
4965
4968
4969
4969
4969
4969
4971
4971
4971
4974
4976
4977
4979
4981
4981
4981
4981
4984
4987
4987
4989
4989
4989
4990
4990
4993
4996
4996
4999
5001
5001
5003
5006
5009
5009
5011
5012
5012
5012
5012
5013
5016
5018
5018
5018
5018
5018
5018
5020
5020
5020
5021
5021
5026
5026
5026
5026
5028
5031
5034
5037
5037
5039
5040
5040
5040
5040
5040
5040
5040
5040
5040
5042
5047
5048
5051
5051
5051
5051
5051
5053
5053
5053
5057
5057
5058
5061
5062
5062
5065
5066
5066
5067
5068
5071
5071
5073
5075
5075
5077
5077
5080
5080
5080
5082
5082
5082
5082
5084
5084
5084
5084
5084
5086
5086
5086
5086
5089
5089
5089
5089
5089
5089
5089
5089
5089
5089
5089
5089
5089
5089
5089
5089
5089
5089
5089
5089
5089
5089
5089
