3318
3345
3361
3560
3621
3715
3936
3983
4069
4096
4119
4119
4119
4283
4285
4325
4326
4326
4326
4328
4328
4328
4328
4328
4328
4331
4332
4334
4334
4334
4337
4337
4339
4339
4341
4342
4342
4355
4356
4359
4359
4359
4359
4359
4370
4370
4371
4371
4371
4372
4374
4375
4375
4375
4375
4375
4375
4376
4386
4388
4389
4391
4393
4393
4393
4393
4393
4394
4394
4394
4394
4394
4394
4394
4396
4396
4398
4400
4637
4639
4639
4640
4640
4640
4642
4643
4643
4643
4646
4649
4651
4651
4651
4651
4651
4652
4652
4655
4658
4659
4659
4659
4659
4659
4659
4661
4661
4662
4662
4662
4662
4662
4663
4665
4666
4666
4666
4669
4669
4669
4669
4670
4671
4671
4672
4672
4672
4672
4672
4672
4672
4674
4676
4676
4766
4766
4766
4767
4768
4768
4768
4768
4771
4772
4772
4772
4772
4775
4775
4776
4778
4778
4778
4779
4779
4782
4782
4784
4784
4784
4785
4785
4785
4785
4785
4785
4785
4787
4787
4787
4787
4788
4788
4788
4790
4790
4790
4790
4790
4790
4793
4793
4793
4793
4793
4795
4796
4796
4796
4796
4799
4799
4799
4800
4800
4800
4800
4800
4800
4800
4802
4802
4802
4802
4804
4804
4804
4807
4808
4809
4811
4813
4813
4813
4813
4813
4813
4815
4815
4815
4815
4815
4815
4815
4815
4815
4815
4815
4815
4816
4816
4816
4816
4816
4816
4816
4819
4819
4819
4819
4819
4819
4819
4824
4824
4824
4824
4828
4828
4828
4828
4828
4828
4828
4831
4831
4831
4834
4834
4835
4837
4837
4838
4838
4841
4841
4841
4905
4905
4905
4905
4905
4909
4909
4909
4909
4914
4914
4914
4914
4914
4914
4915
4915
4915
4915
4915
4915
4915
4915
4915
4915
4915
4921
4921
4921
4921
4921
4925
4925
4925
4925
4925
4925
4935
4935
4935
4935
4935
4935
4935
4935
4935
4935
4935
4935
4935
4935
4935
4940
4940
4940
4940
4940
4940
4940
4940
4940
4940
4952
4952
4952
4952
4952
4952
4966
4966
4979
4979
4980
4980
4980
4980
4980
5007
5007
5007
5007
5007
5007
5009
5009
5009
5009
5009
5030
5030
5030
5030
5040
5040
5040
5040
5040
5040
5040
5040
5040
5087
5087
5087
5087
5087
5087
5087
5087
5087
5087
5087
5087
5087
5129
5129
5129
5129
5129
5138
5138
5138
5140
5140
5140
5216
5216
5219
5219
5219
5221
5223
5224
5226
5226
5228
5230
5233
5233
5233
5233
5233
5235
5235
5236
5236
5238
5240
5241
5241
5241
5242
5244
5246
5246
5246
5246
5246
5246
5246
5246
5246
5247
5247
5247
5249
5252
5252
5252
5255
5257
5257
5258
5258
5259
5261
5264
5264
5264
5264
5264
5264
5264
5264
5264
5264
5264
5264
5265
5265
5267
5267
5268
5268
5268
5268
5269
5269
5269
5269
5269
5271
5274
5279
5287
5288
5288
5298
5303
5303
5303
5303
5304
5312
5312
5319
5319
5320
5324
5324
5324
5329
5329
5329
5329
5329
5329
5341
5341
5343
5345
5345
5348
5350
5350
5361
5362
5362
5362
5363
5363
5363
5366
5369
5369
5370
5370
5373
5373
5375
5376
5378
5381
5381
5381
5381
5381
5384
5384
5385
5385
5385
5385
5385
5386
5387
5387
5387
5387
5387
5387
5387
5389
5389
5394
5394
5397
5397
5398
5398
5402
5402
5402
5402
5402
5402
5402
5402
