3318
3345
3361
3560
3621
3715
3936
3983
4069
4096
4119
4119
4119
4125
4132
4211
4245
4245
4245
4245
4247
4255
4411
4414
4414
4414
4414
4415
4416
4416
4416
4417
4420
4420
4420
4423
4423
4423
4423
4423
4423
4423
4423
4423
4423
4423
4424
4424
4424
4424
4424
4426
4426
4426
4429
4429
4429
4430
4430
4430
4431
4431
4431
4431
4433
4433
4433
4436
4439
4442
4444
4445
4448
4448
4448
4448
4448
4448
4448
4448
4448
4448
4448
4449
4450
4450
4450
4450
4450
4450
4451
4453
4453
4453
4453
4453
4453
4453
4455
4458
4458
4461
4462
4462
4465
4465
4467
4467
4469
4469
4472
4472
4472
4475
4475
4477
4480
4480
4480
4480
4481
4481
4484
4484
4487
4489
4584
4584
4584
4585
4585
4586
4588
4588
4591
4594
4594
4594
4597
4597
4597
4599
4599
4602
4605
4606
4606
4606
4606
4606
4606
4606
4606
4606
4609
4609
4609
4641
4641
4643
4645
4646
4646
4646
4646
4646
4647
4650
4651
4651
4651
4651
4651
4651
4651
4653
4653
4653
4653
4656
4658
4658
4661
4664
4665
4665
4665
4665
4667
4668
4670
4670
4671
4673
4674
4674
4674
4675
4675
4675
4678
4678
4678
4678
4678
4678
4678
4678
4678
4678
4678
4678
4680
4682
4682
4682
4683
4683
4683
4683
4683
4684
4686
4686
4686
4687
4687
4690
4690
4690
4690
4690
4690
4690
4690
4690
4690
4690
4690
4690
4690
4690
4690
4690
4690
4690
4690
4690
4690
4700
4700
4700
4700
4704
4704
4705
4705
4705
4705
4706
4706
4706
4706
4709
4709
4709
4709
4712
4712
4712
4712
4712
4712
4712
4720
4720
4720
4720
4720
4720
4720
4720
4720
4720
4720
4720
4720
4720
4720
4720
4720
4720
4729
4731
4731
4731
4731
4731
4731
4731
4731
4731
4731
4735
4735
4735
4735
4737
4737
4737
4738
4738
4741
4741
4741
4741
4741
4741
4741
4741
4741
4741
4741
4741
4741
4741
4741
4741
4741
4741
4741
4741
4741
4741
4741
4757
4757
4757
4757
4757
4757
4757
4757
4757
4757
4758
4758
4758
4764
4764
4764
4764
4764
4764
4772
4774
4774
4774
4774
4774
4774
4779
4779
4779
4784
4784
4784
4784
4784
4784
4784
4784
4784
4784
4784
4796
4798
4798
4798
4798
4798
4801
4801
4801
4801
4920
4920
4920
4920
4920
4920
4920
4920
4923
4924
4925
4925
4925
4925
4926
4926
4929
4929
4929
4931
4931
4931
4931
4931
4931
4931
4931
4931
4931
4931
4931
4931
4931
4931
4931
4931
4931
4931
4931
4931
4931
4931
4931
4931
4931
4931
4931
4931
4931
4931
4931
4931
4931
4931
4931
4931
4931
4931
4931
4931
4931
4931
4931
4931
4931
4931
4931
4931
4931
4931
4931
4931
4931
4931
4931
4931
4931
4931
4931
4931
4931
4931
4931
4931
4931
4931
4931
4931
4931
4931
4931
4931
4931
4931
4931
4931
4931
4931
4931
4931
4931
4931
4931
4931
4931
4931
4931
4931
4931
4931
4931
4931
4931
4931
4931
4931
4931
4931
4931
4931
4931
4931
4931
4931
4931
4931
4931
4931
4931
4931
4931
4931
4931
4931
4931
4931
4931
4931
4931
4931
4931
4931
4931
4931
4931
4931
4931
4931
4931
4931
4931
4931
4931
4931
4931
4931
4931
4931
4931
4931
4931
4931
4931
4931
4931
4931
4931
4931
4931
4931
