3318
3345
3361
3560
3621
3715
3936
3983
4069
4096
4119
4119
4119
4122
4215
4215
4218
4218
4221
4222
4225
4227
4227
4227
4227
4227
4228
4229
4232
4232
4232
4232
4234
4234
4235
4235
4237
4237
4237
4239
4343
4345
4345
4345
4345
4347
4348
4349
4349
4349
4351
4353
4356
4356
4358
4361
4361
4361
4364
4364
4367
4368
4368
4369
4371
4371
4371
4372
4372
4372
4372
4374
4374
4374
4374
4375
4375
4375
4378
4380
4380
4383
4383
4383
4386
4386
4386
4388
4388
4391
4394
4394
4394
4394
4394
4397
4397
4397
4397
4399
4400
4402
4403
4406
4407
4407
4409
4409
4409
4409
4409
4409
4411
4411
4412
4412
4413
4416
4417
4420
4420
4420
4420
4420
4420
4420
4420
4420
4422
4422
4422
4422
4422
4422
4423
4423
4426
4426
4434
4437
4437
4439
4439
4439
4439
4440
4450
4464
4471
4471
4471
4471
4472
4472
4565
4568
4568
4568
4568
4569
4569
4572
4572
4572
4572
4572
4573
4574
4577
4578
4590
4724
4724
4725
4727
4727
4729
4729
4729
4748
4748
4751
4752
4752
4754
4754
4754
4757
4757
4757
4758
4758
4758
4758
4762
4762
4763
4763
4763
4763
4763
4768
4768
4768
4770
4770
4770
4799
4799
4809
4809
4809
4918
4918
4920
4920
4920
4922
4925
4925
4925
4926
4928
4928
4928
5015
5015
5016
5016
5016
5019
5019
5019
5019
5019
5024
5024
5024
5024
5024
5027
5028
5028
5028
5028
5057
5060
5061
5063
5063
5082
5082
5183
5183
5183
5184
5184
5189
5189
5189
5189
5195
5195
5195
5198
5198
5199
5200
5203
5203
5203
5203
5203
5203
5203
5203
5203
5203
5204
5204
5215
5215
5217
5220
5235
5239
5239
5239
5239
5259
5261
5261
5261
5261
5261
5278
5278
5278
5291
5291
5291
5291
5291
5294
5294
5294
5294
5294
5294
5317
5317
5317
5317
5318
5335
5335
5335
5335
5336
5336
5337
5337
5337
5337
5337
5337
5337
5337
5339
5339
5341
5341
5341
5341
5341
5341
5343
5343
5343
5344
5347
5350
5350
5350
5350
5353
5353
5354
5354
5356
5358
5359
5362
5362
5362
5364
5364
5364
5364
5364
5365
5367
5367
5367
5368
5368
5369
5369
5371
5372
5372
5372
5373
5373
5373
5373
5376
5376
5376
5376
5378
5378
5378
5378
5378
5378
5378
5379
5381
5381
5381
5381
5381
5381
5381
5381
5381
5381
5381
5381
5381
5381
5381
5381
5381
5381
5381
5381
5381
5381
5381
5381
5381
5381
5381
5381
5381
5381
5381
5381
5381
5381
5381
5381
5381
5381
5381
5381
5381
5381
5381
5381
5381
5381
5381
5381
5381
5381
5381
5381
5381
5381
5381
5381
5381
5381
5381
5381
5381
5381
5381
