3318
3345
3361
3560
3621
3715
3936
3983
4069
4096
4119
4119
4119
4141
4166
4173
4181
4239
4239
4240
4242
4242
4242
4242
4242
4245
4245
4245
4245
4245
4245
4247
4247
4247
4266
4266
4267
4268
4332
4335
4336
4336
4336
4475
4475
4477
4480
4481
4484
4484
4485
4485
4488
4490
4490
4492
4493
4494
4494
4494
4494
4496
4496
4496
4496
4496
4496
4499
4499
4502
4502
4505
4507
4507
4510
4510
4510
4510
4510
4511
4513
4513
4513
4516
4519
4519
4521
4523
4525
4528
4530
4531
4531
4531
4531
4531
4532
4533
4533
4534
4534
4534
4534
4534
4534
4534
4534
4535
4538
4538
4538
4540
4540
4542
4544
4544
4544
4544
4545
4547
4547
4547
4580
4582
4585
4585
4587
4587
4587
4588
4588
4588
4588
4588
4588
4588
4588
4588
4588
4590
4590
4590
4592
4593
4593
4596
4599
4600
4600
4600
4600
4602
4604
4607
4609
4611
4613
4613
4616
4616
4618
4618
4621
4624
4625
4625
4625
4625
4625
4625
4625
4625
4627
4627
4628
4628
4630
4630
4630
4630
4630
4631
4634
4635
4635
4635
4635
4635
4635
4638
4640
4640
4640
4640
4640
4641
4641
4641
4641
4641
4644
4644
4644
4644
4644
4644
4644
4644
4644
4645
4645
4645
4645
4645
4645
4648
4648
4648
4648
4650
4650
4650
4651
4651
4651
4651
4651
4651
4654
4657
4657
4657
4657
4658
4658
4658
4658
4658
4658
4670
4670
4670
4674
4677
4677
4677
4681
4681
4681
4681
4681
4681
4681
4687
4687
4687
4687
4687
4688
4688
4688
4688
4688
4688
4688
4691
4691
4691
4691
4691
4691
4691
4691
4699
4699
4699
4699
4699
4703
4703
4703
4703
4703
4703
4703
4703
4703
4709
4709
4709
4709
4709
4709
4709
4709
4715
4715
4715
4715
4715
4715
4715
4715
4715
4722
4724
4724
4724
4724
4724
4724
4724
4724
4724
4724
4724
4724
4724
4724
4737
4737
4737
4737
4737
4737
4737
4737
4737
4737
4737
4744
4744
4744
4744
4745
4745
4745
4745
4745
4745
4745
4747
4749
4749
4749
4749
4749
4749
4749
4749
4749
4757
4760
4763
4763
4763
4763
4763
4763
4771
4771
4771
4772
4772
4772
4772
4772
4772
4775
4775
4779
4779
4779
4779
4779
4779
4779
4790
4790
4791
4791
4791
4791
4791
4791
4791
4793
4793
4793
4793
4793
4793
4793
4793
4793
4795
4795
4796
4796
4796
4797
4797
4797
4797
4797
4797
4797
4800
4800
4803
4803
4803
4803
4803
4803
4803
4803
4803
4803
4803
4803
4803
4804
4805
4805
4806
4806
4808
4808
4808
4810
4810
4812
4812
4812
4812
4815
4817
4817
4817
4817
4817
4817
4817
4817
4817
4818
4818
4819
4819
4819
4822
4822
4822
4822
4822
4823
4824
4824
4825
4825
4827
4827
4828
4828
4829
4829
4829
4831
4833
4833
4833
4836
4836
4836
4837
4837
4838
4838
4838
4838
4841
4842
4844
4844
4845
4845
4845
4845
4846
4846
4850
4853
4853
4855
4855
4856
4859
4862
4865
4865
4865
4865
4865
4867
4868
4868
4869
4870
4872
4873
4873
4873
4873
4873
4876
4878
4878
4878
4878
4879
4879
4881
4882
4882
4882
4882
4882
4883
4884
4887
4890
4890
4890
4890
4890
4890
4893
4893
4893
4893
4894
4895
4895
4895
4895
4895
4895
4895
4895
4895
4895
4895
4895
4895
4895
4895
4895
4895
