3318
3345
3361
3560
3621
3715
3936
3983
4069
4096
4119
4119
4119
4173
4173
4173
4174
4174
4174
4175
4190
4191
4280
4281
4282
4282
4282
4285
4285
4286
4289
4291
4291
4294
4297
4297
4297
4297
4297
4299
4299
4299
4299
4299
4299
4301
4301
4347
4347
4347
4350
4353
4353
4353
4356
4357
4360
4360
4362
4362
4362
4362
4362
4362
4365
4365
4365
4366
4366
4366
4369
4370
4372
4372
4373
4373
4373
4373
4374
4374
4374
4377
4380
4380
4380
4380
4382
4382
4383
4384
4385
4385
4385
4386
4386
4386
4389
4392
4392
4392
4394
4394
4394
4394
4397
4398
4398
4398
4398
4398
4398
4401
4401
4404
4405
4407
4407
4407
4407
4407
4407
4407
4407
4407
4407
4407
4407
4409
4409
4409
4409
4411
4411
4411
4411
4411
4411
4411
4413
4414
4415
4415
4431
4431
4431
4431
4432
4435
4435
4437
4440
4440
4441
4441
4495
4496
4496
4497
4500
4500
4501
4504
4504
4505
4505
4508
4508
4508
4510
4512
4514
4514
4515
4515
4516
4518
4518
4518
4518
4518
4518
4521
4521
4521
4521
4521
4521
4521
4521
4521
4523
4523
4525
4525
4527
4529
4529
4529
4532
4532
4532
4535
4537
4538
4538
4540
4543
4543
4546
4546
4546
4546
4546
4546
4546
4548
4548
4548
4548
4551
4552
4555
4555
4555
4555
4555
4557
4559
4559
4562
4562
4562
4564
4564
4566
4578
4578
4580
4580
4580
4583
4584
4585
4588
4588
4588
4590
4593
4594
4660
4663
4663
4664
4667
4667
4667
4667
4667
4667
4671
4671
4671
4671
4671
4680
4680
4680
4680
4680
4680
4689
4692
4692
4692
4692
4694
4694
4694
4694
4694
4694
4694
4694
4695
4696
4696
4696
4696
4696
4696
4696
4696
4696
4752
4752
4753
4756
4756
4756
4756
4756
4756
4756
4756
4765
4765
4765
4765
4769
4769
4769
4769
4769
4769
4769
4769
4769
4769
4769
4779
4779
4779
4782
4782
4782
4782
4782
4782
4786
4786
4786
4787
4787
4787
4787
4787
4794
4794
4794
4794
4794
4794
4794
4794
4794
4794
4794
4794
4794
4826
4882
4882
4882
4882
4882
4882
4882
4882
4892
4923
4923
4923
4923
4923
4930
4930
4930
4937
4937
4937
4937
4937
4937
4942
4942
4942
4942
4942
4942
4942
4942
4942
4942
4942
4942
4942
4952
4952
4952
4952
4952
4952
4952
4952
4952
4952
4965
4965
4965
4965
4968
4970
4972
4972
4972
4972
4972
4973
4973
4973
4975
4975
4975
4975
4975
4983
4984
4984
4986
4986
4987
4987
4987
4990
4990
4990
4990
4996
4996
4996
4996
4996
4997
4999
5001
5001
5001
5003
5005
5005
5005
5005
5007
5008
5009
5009
5009
5010
5012
5012
5013
5013
5013
5013
5013
5013
5013
5017
5018
5018
5018
5018
5023
5026
5028
5031
5031
5031
5033
5036
5037
5037
5041
5041
5041
5041
5042
5045
5048
5048
5048
5050
5050
5050
5050
5056
5058
5061
5062
5063
5063
5066
5069
5070
5070
5070
5070
5070
5074
5075
5075
5079
5079
5079
5080
5080
5087
5087
5087
5088
5090
5094
5094
5094
5094
5094
5095
5095
5097
5099
5101
5101
5101
5103
5103
5109
5112
5114
5114
5117
5120
5122
5125
5125
5125
5125
5125
5125
5125
5128
5129
5131
5131
5131
5133
5133
5133
5135
5135
5139
5139
5140
5142
5144
5144
5144
5146
5146
5147
5147
5148
5148
5148
5152
5153
5155
5155
5155
5158
5159
5159
5159
5159
5159
5159
5160
5161
5161
5163
5164
5164
5165
5168
5171
5173
5173
5173
5173
5173
5173
5174
5174
5174
5174
5174
5174
5174
5174
5174
5174
5174
5174
5174
5174
5174
5174
