3318
3345
3361
3560
3621
3715
3936
3983
4069
4096
4119
4119
4119
4125
4164
4164
4169
4169
4169
4169
4183
4183
4183
4183
4183
4183
4183
4183
4183
4185
4185
4185
4185
4185
4271
4272
4273
4273
4273
4276
4278
4303
4305
4305
4305
4307
4307
4309
4309
4309
4309
4309
4309
4309
4311
4311
4311
4312
4312
4313
4313
4313
4313
4313
4313
4314
4314
4314
4314
4315
4315
4315
4315
4315
4315
4315
4318
4319
4321
4322
4322
4322
4323
4323
4323
4323
4324
4324
4327
4328
4331
4331
4331
4333
4333
4336
4336
4338
4338
4340
4342
4342
4345
4347
4348
4350
4350
4350
4350
4350
4351
4351
4353
4356
4356
4356
4358
4358
4358
4361
4361
4364
4364
4364
4364
4364
4412
4412
4412
4412
4412
4412
4413
4415
4416
4416
4419
4420
4423
4423
4423
4424
4424
4424
4424
4424
4424
4424
4425
4428
4431
4433
4436
4437
4437
4440
4443
4445
4445
4445
4448
4448
4448
4449
4449
4449
4449
4452
4452
4452
4452
4452
4452
4452
4452
4454
4454
4454
4455
4455
4458
4458
4458
4458
4461
4461
4461
4461
4461
4461
4461
4462
4463
4464
4465
4467
4468
4469
4469
4470
4470
4473
4473
4473
4473
4473
4473
4473
4473
4524
4524
4524
4524
4524
4524
4524
4526
4526
4526
4526
4527
4527
4529
4530
4531
4531
4533
4536
4539
4539
4540
4540
4540
4540
4540
4540
4541
4541
4634
4634
4637
4637
4637
4639
4640
4642
4643
4645
4645
4646
4646
4646
4646
4646
4650
4650
4650
4654
4654
4655
4655
4656
4657
4657
4657
4657
4657
4657
4659
4659
4659
4659
4659
4659
4659
4666
4666
4666
4666
4666
4675
4675
4675
4675
4675
4675
4675
4686
4686
4689
4692
4692
4692
4692
4692
4695
4695
4695
4695
4695
4695
4700
4700
4700
4700
4704
4704
4708
4708
4708
4708
4708
4708
4708
4708
4716
4719
4719
4719
4719
4719
4723
4723
4723
4723
4723
4723
4727
4727
4727
4727
4731
4731
4731
4731
4731
4731
4731
4735
4735
4735
4735
4735
4735
4735
4735
4735
4735
4735
4735
4735
4735
4735
4757
4757
4769
4769
4769
4781
4782
4782
4782
4782
4782
4782
4782
4782
4782
4782
4782
4806
4808
4808
4808
4808
4808
4808
4808
4821
4821
4821
4823
4823
4823
4823
4827
4831
4831
4831
4831
4831
4831
4842
4842
4842
4842
4842
4842
4842
4856
4856
4856
4856
4859
4859
4859
4859
4859
4859
4874
4874
4874
4874
4882
4885
4885
4885
4885
4896
4896
4896
4896
4896
4896
4897
4897
4899
4902
4902
4904
4904
4904
4904
4904
4904
4904
4904
4905
4907
4907
4910
4910
4912
4913
4915
4915
4919
4920
4920
4921
4922
4926
4926
4926
4926
4926
4932
4935
4936
4936
4937
4937
4940
4941
4941
4945
4946
4948
4948
4948
4948
4955
4955
4955
4955
4956
4957
4963
4966
4966
4966
4966
4968
4968
4969
4970
4971
4971
4973
4973
4980
4980
4983
4983
4985
4988
4988
4989
4990
4993
4996
4998
4998
5001
5002
5002
5002
5002
5002
5002
5003
5003
5005
5007
5009
5012
5012
5012
5012
5014
5014
5016
5016
5017
5020
5023
5023
5024
5025
5025
5027
5027
5027
5030
5032
5034
5037
5037
5037
5040
5042
5045
5048
5051
5051
5051
5051
5051
5052
5052
5054
5056
5056
5056
5056
5056
5056
5058
5061
5061
5064
5066
5067
5070
5070
5071
5074
5074
5077
5077
5077
5077
5077
5077
5077
5077
5077
5077
5077
5077
5077
5077
5077
5077
5077
5077
5077
5077
5077
5077
5077
5077
5077
5077
5077
5077
5077
5077
5077
5077
5077
5077
5077
5077
5077
