3318
3345
3361
3560
3621
3715
3936
3983
4069
4096
4119
4119
4119
4152
4153
4157
4160
4171
4171
4171
4171
4184
4184
4187
4187
4187
4187
4187
4189
4189
4189
4189
4191
4191
4191
4191
4193
4196
4199
4199
4199
4213
4213
4213
4213
4213
4216
4219
4220
4220
4221
4224
4227
4227
4227
4227
4229
4232
4235
4238
4238
4238
4238
4241
4241
4241
4241
4241
4241
4241
4241
4241
4242
4242
4242
4242
4242
4242
4245
4314
4317
4318
4318
4318
4318
4318
4318
4318
4321
4323
4325
4325
4325
4325
4327
4327
4328
4329
4329
4329
4331
4336
4336
4336
4336
4336
4336
4336
4339
4340
4340
4343
4343
4346
4348
4348
4349
4352
4353
4353
4354
4354
4356
4356
4356
4356
4358
4358
4361
4364
4366
4366
4366
4366
4368
4408
4408
4408
4408
4408
4408
4409
4409
4409
4411
4413
4413
4413
4413
4413
4413
4413
4415
4415
4415
4415
4417
4419
4419
4419
4421
4421
4424
4424
4424
4424
4424
4424
4425
4425
4426
4429
4429
4431
4433
4433
4433
4433
4433
4433
4433
4435
4437
4440
4441
4526
4526
4526
4526
4526
4526
4532
4532
4532
4535
4538
4538
4538
4541
4541
4541
4541
4543
4543
4543
4544
4544
4544
4544
4562
4562
4562
4562
4562
4562
4562
4567
4569
4569
4569
4569
4569
4584
4585
4585
4591
4591
4591
4591
4654
4654
4654
4654
4654
4658
4661
4661
4663
4664
4664
4664
4665
4665
4669
4670
4670
4670
4670
4670
4670
4670
4670
4670
4694
4695
4712
4712
4713
4713
4726
4728
4728
4730
4730
4730
4730
4730
4730
4730
4742
4742
4748
4755
4755
4755
4770
4773
4822
4822
4822
4822
4822
4825
4825
4827
4827
4827
4827
4827
4833
4856
4856
4856
4856
4856
4858
4859
4862
4865
4865
4867
4868
4870
4870
4870
4870
4870
4870
4870
4876
4879
4879
4879
4879
4881
4881
4881
4881
4881
4881
4881
4881
4881
4881
4881
4881
4881
4881
4881
4881
4881
4881
4881
4881
4881
4881
4881
4881
4881
4881
4881
4881
4881
4881
4881
4881
4881
4881
4881
4881
4881
4881
4881
4881
4881
4881
4881
4881
4881
4881
4881
4881
4881
4881
4881
4881
4881
4881
4881
4881
4881
4881
4881
4881
4881
4881
4881
4881
4881
4881
4881
4881
4881
4881
4881
4881
4881
4881
4881
4881
4881
4881
4881
4881
4881
4881
4881
4881
4881
4881
4881
4881
4881
4881
4881
4881
4881
4881
4881
4881
4881
4881
4881
4881
4881
4881
4881
4881
4881
4881
4881
4881
4881
4881
4881
4881
4881
4881
4881
4881
4881
4881
4881
4881
4881
4881
4881
4881
4881
4881
4881
4881
4881
4881
4881
4881
4881
4881
4881
4881
4881
4881
4881
4881
4881
