3318
3345
3361
3560
3621
3715
3936
3983
4069
4096
4119
4119
4119
4209
4209
4209
4210
4211
4235
4235
4235
4255
4257
4260
4260
4260
4260
4364
4364
4364
4366
4366
4366
4403
4403
4403
4406
4409
4409
4409
4409
4411
4412
4412
4412
4412
4414
4414
4414
4414
4414
4415
4417
4418
4418
4420
4420
4423
4423
4424
4426
4426
4428
4429
4430
4430
4430
4433
4433
4436
4436
4436
4438
4438
4438
4438
4440
4441
4441
4443
4446
4449
4450
4453
4453
4453
4455
4455
4457
4457
4457
4457
4460
4463
4463
4463
4464
4464
4464
4465
4465
4465
4468
4468
4468
4470
4473
4473
4473
4476
4479
4479
4479
4481
4481
4481
4484
4487
4487
4490
4490
4491
4491
4491
4493
4493
4701
4704
4704
4704
4704
4704
4705
4707
4707
4707
4707
4707
4709
4709
4710
4710
4710
4713
4716
4717
4717
4719
4719
4721
4721
4722
4723
4723
4724
4727
4727
4727
4727
4730
4730
4730
4730
4730
4730
4732
4735
4735
4736
4739
4739
4739
4739
4739
4739
4739
4756
4756
4759
4759
4759
4759
4759
4762
4764
4767
4767
4768
4768
4771
4771
4771
4771
4771
4772
4772
4772
4772
4772
4772
4773
4774
4774
4776
4776
4776
4776
4780
4781
4781
4781
4781
4783
4783
4783
4783
4783
4783
4783
4783
4783
4787
4790
4790
4793
4794
4795
4798
4801
4801
4803
4803
4803
4803
4809
4809
4815
4818
4818
4820
4822
4825
4825
4825
4825
4826
4862
4863
4863
4890
4890
4890
4890
4890
4890
4890
4890
4893
4895
4895
4898
4898
4898
4901
4901
4901
4901
4903
4903
4905
4905
4905
4906
4908
4909
4909
4909
4912
4914
4914
4914
4914
4914
4999
4999
5001
5002
5002
5002
5002
5002
5002
5002
5003
5006
5006
5006
5007
5007
5010
5010
5010
5010
5010
5010
5010
5010
5010
5017
5017
5020
5020
5020
5024
5024
5024
5024
5024
5027
5027
5027
5029
5029
5031
5032
5032
5032
5032
5032
5032
5034
5037
5037
5039
5039
5040
5040
5040
5040
5040
5040
5040
5042
5043
5043
5043
5046
5046
5046
5046
5046
5046
5048
5048
5048
5050
5050
5053
5053
5053
5053
5055
5055
5055
5057
5057
5057
5059
5060
5060
5060
5060
5060
5060
5060
5060
5060
5060
5063
5063
5063
5063
5063
5064
5064
5064
5066
5066
5068
5068
5068
5068
5068
5068
5068
5068
5068
5068
5068
5068
5068
5068
5068
5068
5068
5068
5068
5068
5068
5068
5068
5068
5068
5068
5068
5068
5068
5068
5068
5068
5068
5068
5068
5068
5068
5068
5068
5068
5068
5068
5068
5068
5068
5068
5068
5068
5068
5068
5068
5068
5068
5068
5068
5068
5068
5068
5068
5068
5068
5068
5068
5068
5068
5068
5068
5068
5068
5068
5068
5068
5068
5068
5068
5068
5068
5068
5068
5068
5068
5068
5068
5068
5068
5068
5068
5068
5068
5068
5068
5068
5068
5068
5068
5068
5068
5068
5068
5068
5068
