3318
3345
3361
3560
3621
3715
3936
3983
4069
4096
4119
4119
4119
4125
4132
4140
4143
4150
4150
4154
4154
4154
4154
4154
4154
4157
4157
4160
4165
4165
4165
4165
4166
4166
4224
4224
4224
4224
4226
4227
4230
4230
4232
4234
4234
4234
4237
4240
4240
4240
4240
4240
4243
4243
4244
4246
4247
4247
4248
4248
4248
4249
4249
4250
4250
4250
4250
4250
4252
4252
4252
4254
4256
4256
4256
4259
4259
4259
4259
4260
4263
4265
4268
4268
4268
4268
4268
4268
4268
4270
4271
4271
4271
4274
4276
4279
4279
4282
4282
4282
4282
4283
4283
4283
4284
4286
4288
4288
4290
4290
4293
4296
4297
4297
4297
4297
4298
4301
4303
4303
4303
4306
4306
4306
4306
4307
4307
4309
4309
4309
4312
4312
4312
4313
4313
4313
4315
4315
4315
4317
4317
4317
4317
4320
4322
4323
4323
4324
4327
4329
4330
4333
4333
4333
4336
4337
4338
4338
4338
4338
4338
4339
4339
4342
4342
4342
4342
4342
4342
4342
4343
4343
4343
4344
4344
4344
4345
4345
4348
4348
4350
4352
4352
4354
4354
4355
4357
4357
4357
4357
4358
4365
4368
4368
4368
4370
4373
4373
4373
4373
4374
4374
4374
4374
4377
4377
4378
4380
4380
4380
4383
4383
4383
4383
4384
4384
4384
4384
4387
4387
4389
4391
4391
4391
4394
4394
4394
4394
4397
4399
4399
4400
4402
4402
4405
4405
4405
4405
4405
4405
4406
4406
4406
4406
4407
4410
4410
4410
4410
4410
4410
4410
4410
4410
4413
4414
4416
4417
4418
4418
4418
4423
4424
4424
4424
4424
4424
4424
4424
4430
4432
4432
4432
4432
4432
4432
4432
4432
4441
4444
4444
4444
4445
4445
4445
4450
4450
4450
4452
4452
4452
4452
4458
4458
4460
4460
4463
4463
4463
4463
4463
4463
4463
4463
4463
4471
4472
4475
4475
4475
4475
4475
4475
4475
4475
4475
4475
4480
4480
4480
4480
4480
4481
4481
4481
4481
4481
4481
4481
4481
4510
4510
4510
4510
4510
4511
4511
4511
4513
4516
4516
4516
4516
4519
4519
4522
4522
4522
4524
4524
4524
4524
4527
4527
4527
4527
4527
4527
4527
4527
4527
4527
4539
4542
4542
4542
4542
4542
4548
4551
4551
4551
4551
4551
4551
4551
4551
4551
4553
4553
4553
4575
4575
4575
4578
4578
4578
4578
4578
4578
4578
4578
4578
4578
4578
4584
4585
4585
4585
4585
4585
4585
4585
4585
4585
4585
4597
4597
4598
4598
4598
4598
4598
4598
4598
4603
4603
4603
4603
4604
4604
4604
4604
4604
4604
4604
4604
4604
4604
4604
4610
4611
4611
4611
4612
4612
4613
4614
4614
4614
4614
4614
4617
4617
4617
4617
4619
4619
4619
4619
4619
4619
4619
4622
4622
4622
4622
4622
4624
4624
4627
4627
4627
4629
4629
4629
4629
4630
4630
4630
4631
4634
4634
4636
4636
4638
4638
4638
4640
4640
4640
4643
4646
4647
4649
4652
4654
4654
4656
4659
4660
4660
4663
4663
4666
4666
4666
4666
4666
4668
4671
4671
4674
4674
4676
4676
4676
4677
4679
4680
4680
4680
4680
4680
4680
4680
4680
4680
4680
4680
4680
4680
4680
4680
4680
4680
4680
4680
4680
4680
4680
4680
4680
4680
4680
4680
4680
4680
4680
4680
4680
4680
4680
4680
4680
4680
4680
4680
4680
4680
4680
4680
4680
4680
4680
4680
4680
4680
4680
4680
4680
4680
4680
4680
4680
4680
4680
4680
4680
4680
4680
4680
4680
4680
4680
4680
4680
4680
4680
4680
4680
4680
4680
4680
4680
4680
4680
4680
4680
4680
4680
4680
4680
4680
4680
4680
4680
4680
4680
4680
4680
4680
4680
4680
4680
4680
