3318
3345
3361
3560
3621
3715
3936
3983
4069
4096
4119
4119
4119
4240
4241
4242
4253
4253
4327
4327
4327
4327
4329
4329
4330
4332
4332
4350
4371
4371
4373
4373
4374
4377
4377
4380
4381
4400
4402
4404
4404
4406
4406
4406
4406
4407
4410
4410
4410
4481
4481
4481
4481
4481
4481
4482
4483
4484
4487
4487
4489
4489
4492
4492
4492
4492
4492
4492
4492
4495
4495
4495
4495
4495
4495
4495
4495
4498
4498
4498
4500
4500
4500
4500
4501
4501
4501
4501
4501
4501
4501
4503
4523
4523
4523
4523
4523
4526
4526
4526
4527
4530
4531
4533
4536
4538
4541
4573
4573
4573
4578
4578
4578
4578
4578
4578
4578
4579
4579
4691
4694
4694
4694
4696
4699
4699
4702
4704
4704
4706
4706
4706
4708
4708
4708
4708
4708
4708
4708
4709
4709
4709
4709
4709
4709
4775
4775
4775
4775
4775
4778
4778
4778
4778
4778
4779
4782
4782
4784
4784
4786
4786
4786
4788
4790
4790
4791
4794
4794
4794
4796
4796
4799
4799
4799
4799
4799
4799
4802
4803
4805
4806
4809
4809
4809
4809
4812
4814
4868
4868
4868
4868
4868
4868
4870
4872
4872
4872
4875
4939
4939
4939
4939
4939
4943
4943
4943
4943
4943
4975
4975
4976
4976
4976
4976
4981
4982
4982
4982
4982
4984
4984
4984
4984
4986
4986
4986
4986
4986
4988
4988
4988
4988
4988
4991
4992
4994
4997
5152
5152
5152
5152
5152
5155
5155
5158
5158
5161
5164
5164
5164
5164
5164
5164
5164
5164
5164
5164
5164
5164
5164
5164
5176
5179
5179
5179
5179
5182
5182
5182
5185
5185
5185
5186
5186
5186
5186
5186
5186
5187
5187
5188
5188
5189
5189
5190
5190
5190
5190
5193
5195
5198
5201
5202
5202
5202
5202
5202
5202
5204
5204
5204
5204
5204
5205
5206
5208
5210
5211
5212
5212
5212
5212
5212
5215
5215
5215
5215
5215
5215
5215
5215
5215
5215
5215
5215
5215
5215
5215
5215
5215
5215
5215
5215
5215
5215
5215
5215
5215
5215
5215
5215
5215
5215
5215
5215
5215
5215
5215
5215
5215
5215
5215
5215
5215
5215
5215
5215
5215
5215
5215
5215
5215
5215
5215
5215
5215
5215
5215
5215
5215
5215
5215
5215
5215
5215
5215
5215
5215
5215
5215
5215
5215
5215
5215
5215
5215
5215
5215
5215
5215
5215
5215
5215
5215
5215
5215
5215
5215
5215
5215
5215
5215
5215
5215
5215
5215
5215
5215
5215
5215
5215
5215
5215
5215
5215
5215
5215
5215
5215
5215
5215
5215
5215
5215
5215
5215
5215
5215
5215
5215
5215
5215
5215
5215
5215
5215
5215
5215
5215
5215
5215
5215
5215
5215
5215
5215
5215
5215
5215
5215
5215
5215
5215
5215
5215
5215
5215
5215
5215
5215
5215
5215
5215
5215
5215
5215
5215
5215
5215
5215
5215
5215
5215
5215
5215
