3318
3345
3361
3560
3621
3715
3936
3983
4069
4096
4119
4119
4119
4135
4142
4143
4163
4163
4163
4166
4177
4179
4182
4182
4182
4182
4182
4192
4193
4194
4195
4195
4195
4196
4198
4198
4198
4198
4200
4201
4201
4201
4201
4202
4204
4206
4206
4206
4209
4209
4210
4210
4210
4213
4213
4213
4213
4213
4213
4214
4215
4215
4217
4217
4217
4218
4282
4284
4286
4286
4286
4286
4286
4289
4289
4289
4289
4289
4294
4294
4297
4297
4299
4300
4300
4300
4300
4300
4310
4313
4315
4318
4319
4321
4321
4322
4322
4322
4322
4323
4323
4323
4323
4324
4325
4327
4330
4330
4330
4330
4330
4330
4330
4333
4333
4333
4333
4334
4334
4335
4336
4338
4340
4342
4345
4345
4345
4345
4346
4346
4348
4349
4352
4353
4355
4355
4355
4355
4358
4358
4358
4408
4408
4408
4411
4411
4412
4412
4413
4413
4413
4415
4415
4418
4419
4422
4422
4425
4426
4426
4427
4427
4427
4427
4427
4427
4430
4430
4430
4430
4433
4433
4437
4437
4451
4451
4455
4456
4462
4464
4464
4478
4481
4483
4486
4486
4489
4492
4492
4492
4492
4495
4495
4500
4500
4503
4505
4505
4521
4521
4521
4525
4525
4526
4529
4563
4563
4564
4564
4564
4564
4579
4579
4579
4579
4601
4601
4604
4609
4609
4609
4609
4609
4609
4645
4645
4645
4645
4655
4655
4661
4661
4661
4734
4734
4737
4737
4740
4741
4741
4741
4741
4741
4742
4742
4742
4743
4743
4746
4746
4746
4746
4749
4749
4749
4751
4760
4765
4774
4774
4774
4783
4783
4785
4785
4785
4785
4785
4785
4861
4861
4861
4861
4861
4862
4864
4864
4866
4866
4866
4866
4866
4866
4866
4866
4867
4867
4867
4867
4868
4871
4871
4871
4871
4871
4871
4871
4880
4882
4882
4882
4882
4883
4900
4900
4900
4900
4900
4900
4900
4903
4903
4913
4913
4913
4946
4946
4946
4946
4947
4948
4948
4948
4953
4953
4954
4954
4954
4954
4954
4954
4954
4954
4954
4954
4954
4954
4954
4954
4954
4954
4954
4954
4954
4954
4954
4954
4954
4954
4954
4954
4954
4954
4954
4954
4954
4954
4954
4954
4954
4954
4954
4954
4954
4954
4954
4954
4954
4954
4954
4954
4954
4954
4954
4954
4954
4954
4954
4954
4954
4954
4954
4954
4954
4954
4954
4954
4954
4954
4954
4954
4954
4954
4954
4954
4954
4954
4954
4954
4954
4954
4954
4954
4954
4954
4954
4954
4954
4954
4954
4954
4954
4954
4954
4954
4954
4954
4954
4954
4954
4954
4954
4954
4954
4954
4954
4954
4954
4954
4954
4954
4954
4954
4954
4954
4954
4954
4954
4954
4954
4954
4954
4954
4954
4954
4954
4954
4954
4954
4954
4954
4954
4954
4954
4954
