3318
3345
3361
3560
3621
3715
3936
3983
4069
4096
4119
4119
4119
4239
4239
4241
4241
4241
4242
4248
4248
4248
4248
4248
4248
4248
4248
4249
4249
4249
4252
4272
4272
4272
4273
4274
4274
4277
4278
4278
4278
4278
4278
4288
4288
4288
4289
4292
4295
4295
4295
4295
4296
4297
4297
4297
4297
4297
4297
4297
4305
4306
4306
4306
4306
4306
4306
4306
4306
4308
4311
4312
4315
4315
4317
4318
4321
4331
4331
4331
4331
4331
4331
4334
4334
4491
4492
4494
4494
4496
4496
4496
4496
4499
4499
4499
4499
4502
4504
4507
4507
4507
4509
4509
4509
4509
4509
4510
4513
4513
4516
4516
4516
4519
4519
4519
4522
4522
4522
4522
4522
4523
4525
4526
4579
4579
4579
4579
4579
4579
4580
4580
4580
4583
4583
4584
4584
4586
4587
4587
4588
4588
4588
4588
4590
4590
4591
4591
4594
4596
4596
4596
4596
4598
4598
4598
4598
4598
4598
4598
4601
4603
4605
4608
4608
4608
4611
4614
4614
4614
4616
4618
4620
4620
4621
4621
4621
4623
4623
4623
4623
4626
4673
4673
4675
4675
4675
4675
4675
4675
4675
4675
4675
4677
4677
4678
4681
4681
4681
4681
4686
4689
4689
4689
4689
4689
4692
4692
4695
4695
4695
4696
4699
4699
4699
4702
4702
4702
4702
4702
4705
4705
4707
4707
4710
4710
4710
4710
4710
4711
4711
4712
4712
4712
4715
4716
4716
4719
4719
4721
4721
4724
4724
4724
4724
4724
4729
4729
4729
4729
4734
4734
4735
4735
4736
4736
4737
4737
4738
4740
4740
4740
4743
4743
4743
4743
4743
4743
4743
4743
4743
4743
4744
4744
4744
4744
4744
4746
4746
4748
4748
4749
4751
4752
4753
4754
4755
4755
4755
4755
4755
4755
4755
4755
4755
4755
4755
4755
4755
4755
4755
4755
4755
4755
4755
4755
4755
4755
4755
4755
4755
4755
4755
4755
4755
4755
4755
4755
4755
4755
4755
4755
4755
4755
4755
4755
4755
4755
4755
4755
4755
4755
4755
4755
4755
4755
4755
4755
4755
4755
4755
4755
4755
4755
4755
4755
4755
4755
4755
4755
4755
4755
4755
4755
4755
4755
4755
4755
4755
4755
4755
4755
4755
4755
4755
4755
4755
4755
4755
4755
4755
4755
4755
4755
4755
4755
4755
4755
4755
4755
4755
4755
4755
4755
4755
4755
4755
4755
4755
4755
4755
4755
4755
4755
4755
4755
4755
4755
4755
4755
4755
4755
4755
4755
4755
4755
4755
4755
4755
4755
4755
4755
4755
4755
4755
4755
4755
4755
4755
4755
4755
4755
4755
4755
4755
4755
4755
4755
4755
4755
4755
4755
4755
4755
4755
4755
4755
4755
4755
4755
4755
4755
4755
4755
4755
4755
4755
4755
4755
4755
4755
4755
4755
4755
4755
4755
4755
4755
4755
4755
4755
4755
4755
4755
4755
4755
4755
4755
4755
4755
4755
4755
