3318
3345
3361
3560
3621
3715
3936
3983
4069
4096
4119
4119
4119
4267
4267
4267
4270
4271
4271
4271
4271
4271
4271
4271
4272
4272
4272
4290
4293
4293
4293
4293
4295
4296
4297
4298
4300
4302
4302
4302
4302
4305
4306
4306
4306
4313
4321
4324
4325
4326
4326
4328
4330
4333
4335
4335
4335
4354
4360
4360
4373
4375
4376
4376
4376
4378
4378
4378
4379
4381
4381
4403
4404
4404
4406
4409
4409
4409
4416
4416
4416
4417
4417
4417
4417
4417
4417
4417
4611
4613
4613
4614
4614
4614
4614
4614
4614
4616
4616
4616
4617
4620
4623
4623
4623
4625
4625
4625
4625
4625
4663
4666
4667
4667
4668
4668
4670
4670
4672
4672
4675
4675
4676
4676
4676
4679
4679
4679
4679
4682
4683
4683
4685
4688
4688
4689
4689
4691
4694
4695
4695
4698
4698
4700
4700
4702
4703
4703
4703
4703
4703
4703
4703
4751
4751
4751
4754
4754
4754
4754
4754
4754
4754
4756
4756
4756
4756
4756
4756
4758
4758
4758
4758
4761
4762
4762
4762
4764
4764
4766
4766
4766
4769
4781
4781
4784
4818
4820
4823
4823
4823
4826
4829
4829
4830
4833
4836
4836
4836
4836
4836
4839
4839
4840
4840
4840
4840
4840
4840
4840
4842
4842
4843
4845
4845
4845
4845
4845
4845
4845
4845
4845
4845
4945
4945
4945
4948
4951
4951
4951
4952
4952
4952
4952
4952
4952
4952
4960
4960
4963
4963
4963
4963
4966
4966
4968
4968
4968
4970
4970
4971
4971
4972
4974
4975
4975
4975
4985
4985
4985
4985
4985
4988
4988
4988
4988
4988
5014
5014
5014
5014
5116
5119
5119
5119
5119
5119
5119
5119
5119
5122
5122
5122
5122
5122
5126
5126
5129
5129
5131
5131
5131
5131
5136
5136
5136
5136
5136
5137
5137
5137
5137
5137
5137
5140
5141
5141
5141
5141
5141
5141
5141
5141
5141
5141
5144
5144
5144
5146
5146
5147
5147
5147
5147
5147
5147
5150
5150
5152
5154
5154
5154
5154
5154
5156
5156
5156
5156
5156
5156
5162
5165
5165
5168
5168
5168
5168
5170
5170
5172
5172
5172
5175
5177
5179
5180
5183
5186
5186
5186
5186
5186
5186
5187
5190
5190
5190
5193
5193
5193
5195
5195
5195
5198
5199
5199
5201
5204
5204
5204
5204
5205
5205
5205
5205
5205
5208
5211
5211
5211
5213
5216
5216
5216
5216
5216
5216
5216
5216
5219
5219
5219
5219
5219
5220
5220
5220
5223
5226
5226
5226
5228
5228
5228
5230
5230
5230
5233
5235
5235
5235
5235
5236
5236
5236
5236
5236
5236
5236
5236
5236
5236
5236
5236
5236
5236
5236
5236
5236
5236
5236
5236
5236
5236
5236
5236
5236
5236
5236
5236
5236
5236
5236
5236
5236
5236
5236
5236
5236
5236
5236
5236
5236
5236
5236
5236
5236
5236
5236
5236
5236
5236
5236
5236
5236
5236
5236
5236
5236
5236
5236
5236
5236
5236
