3318
3345
3361
3560
3621
3715
3936
3983
4069
4096
4119
4119
4119
4225
4244
4244
4267
4270
4271
4271
4272
4272
4274
4277
4277
4280
4280
4280
4291
4291
4291
4420
4420
4420
4420
4421
4421
4421
4421
4421
4421
4422
4422
4422
4422
4422
4424
4424
4424
4425
4425
4426
4426
4426
4426
4426
4428
4428
4429
4431
4432
4432
4432
4432
4432
4433
4433
4435
4435
4435
4435
4435
4435
4435
4435
4435
4436
4436
4567
4567
4569
4571
4571
4573
4573
4573
4573
4573
4576
4578
4580
4583
4585
4585
4585
4588
4588
4591
4594
4595
4595
4595
4597
4598
4601
4604
4604
4604
4604
4604
4604
4613
4616
4616
4616
4617
4617
4618
4620
4620
4620
4620
4620
4620
4620
4830
4830
4830
4830
4830
4832
4833
4833
4834
4834
4835
4837
4837
4839
4841
4843
4843
4843
4846
4846
4849
4852
4852
4852
4852
4852
4855
4855
4855
4855
4855
4855
4856
4856
4858
4858
4858
4859
4859
4861
4861
4861
4861
4861
4861
4862
4863
4863
4863
4863
4865
4865
4866
4866
4867
4869
4872
4875
4877
4878
4878
4880
4883
4883
4883
4883
4885
4885
4885
4886
4886
4886
4886
4886
4888
4888
4888
4888
4888
4888
4888
4888
4888
4894
4894
4894
4894
4897
4899
4900
4900
4903
4904
4904
4904
4904
4904
4904
4913
4913
4913
4924
4924
4924
4924
4924
4926
4926
4929
4932
4932
4932
4947
4949
4952
4952
4952
4964
4964
4966
4966
4966
4966
4969
4969
4975
4978
4981
4983
4986
4986
4989
4989
4989
4989
5180
5183
5186
5187
5187
5188
5188
5188
5188
5188
5188
5188
5188
5188
5188
5188
5188
5192
5192
5192
5192
5193
5196
5196
5196
5201
5201
5201
5201
5201
5203
5203
5203
5203
5204
5204
5204
5205
5205
5205
5205
5205
5205
5205
5206
5208
5211
5211
5211
5213
5213
5213
5213
5215
5215
5215
5215
5215
5215
5219
5219
5219
5219
5219
5222
5223
5223
5223
5226
5226
5226
5226
5229
5229
5231
5233
5233
5233
5233
5233
5233
5233
5233
5235
5235
5235
5235
5238
5238
5238
5238
5238
5240
5240
5242
5242
5243
5243
5243
5243
5246
5248
5248
5248
5250
5251
5251
5251
5251
5251
5251
5251
5251
5251
5251
5251
5251
5251
5251
5251
5251
5251
5251
5251
5251
5251
5251
5251
5251
5251
5251
5251
5251
5251
5251
5251
5251
5251
5251
5251
5251
5251
5251
5251
5251
5251
5251
5251
5251
5251
5251
5251
5251
5251
5251
5251
5251
5251
5251
5251
5251
5251
5251
5251
5251
5251
5251
5251
5251
5251
5251
5251
5251
5251
5251
5251
5251
5251
5251
5251
5251
5251
5251
5251
5251
5251
5251
5251
5251
5251
5251
5251
5251
5251
5251
5251
5251
5251
5251
5251
5251
5251
5251
5251
5251
5251
5251
5251
5251
5251
5251
5251
5251
5251
5251
5251
5251
5251
5251
5251
5251
5251
5251
5251
