8151
8210
8230
8244
8247
8355
8355
8355
8355
8355
8434
8434
8434
8434
8446
8448
8480
8480
8480
8535
8535
8535
8535
8535
8538
8538
8541
8543
8602
8602
8602
8602
8688
8701
8704
8730
8733
8734
8738
8740
8746
8747
8747
8757
8762
8868
8870
8878
8878
8878
8879
8924
8924
8969
9026
9039
9057
9057
9057
9098
9100
9103
9139
9139
9139
9139
9147
9150
9150
9166
9167
9167
9221
9233
9233
9317
9317
9318
9320
9342
9345
9345
9345
9347
9347
9347
9347
9347
9347
9347
9391
9391
9391
9395
9411
9411
9411
9472
9472
9472
9472
9472
9511
9513
9513
9513
9562
9562
9562
9562
9562
9562
9562
9562
9613
9613
9618
9618
9654
9654
9654
9654
9659
9660
9660
9660
9660
9660
9660
9669
9669
9699
9700
9700
9702
9702
9702
9702
9702
9702
9702
9702
9702
9702
9702
9702
9702
9708
9708
9710
9710
9712
9712
9714
9714
9716
9719
9719
9719
9719
9719
9719
9722
9722
9725
9725
9727
9727
9730
9730
9731
9731
9731
9731
9731
9732
9732
9735
9735
9735
9735
9735
9736
9739
9739
9739
9739
9739
9739
9739
9739
9739
9739
9739
9739
9739
9739
9739
9739
9739
9739
9739
9739
9739
9739
9739
9739
