8151
8311
8311
8311
8335
8374
8374
8374
8531
8533
8536
8538
8541
8543
8543
8545
8545
8545
8545
8545
8545
8547
8584
8587
8588
8591
8601
8603
8605
8884
8885
8885
8885
8885
8888
8888
8889
8890
8892
8894
8897
8897
8898
8901
8901
8901
8928
8931
8931
8931
8931
8974
8974
9002
9017
9017
9027
9122
9125
9439
9439
9439
9439
9439
9439
9439
9439
9439
9439
9442
9445
9445
9445
9445
9445
9447
9447
9447
9449
9449
9450
9456
9457
9457
9457
9457
9457
9457
9457
9457
9457
9457
9457
9457
9457
9457
9457
9546
9546
9546
9576
9577
9577
9577
9577
9804
9804
9804
9804
9804
9808
9808
9808
9808
9808
9808
9808
9808
9817
9817
9817
9817
9820
9820
9820
9820
9820
9820
9820
9820
9820
9827
9830
9830
9830
9830
9830
9830
9830
9830
9830
9830
9830
9830
9843
9843
9843
9843
9843
9843
9843
9843
9843
9843
9843
9843
9843
9843
9843
9843
9843
9843
9843
9843
9843
9843
9843
9843
9843
9843
9843
9843
9843
9843
9843
9843
9843
9843
9843
9843
9843
9843
9843
9843
9843
9843
9843
9843
9843
9843
9843
9843
9843
9843
9843
9843
9843
9843
9843
9843
9843
9843
9843
9843
9843
9843
9843
9843
9843
9843
9843
