8151
8318
8321
8324
8324
8324
8325
8360
8361
8388
8395
8398
8401
8401
8568
8568
8568
8570
8570
8573
8573
8573
8573
8573
8573
8575
8578
8580
8589
8591
8593
8672
8677
8687
8689
8692
8692
8715
8718
8718
8795
8810
8812
8812
8814
8856
8856
8900
8902
8930
8931
8931
8951
8979
8979
8979
8980
8993
9039
9042
9136
9139
9139
9262
9262
9262
9262
9262
9262
9262
9262
9262
9265
9267
9267
9270
9503
9506
9506
9506
9506
9549
9549
9549
9549
9552
9552
9552
9555
9555
9555
9556
9556
9559
9559
9559
9559
9559
9559
9559
9571
9571
9574
9574
9574
9574
9574
9691
9691
9691
9691
9691
9691
9691
9692
9692
9693
9693
9693
9693
9693
9694
9694
9694
9694
9694
9694
9694
9694
9694
9694
9694
9694
9694
9694
9694
9694
9694
9694
9694
9694
9694
9694
9694
9694
9711
9711
9711
9711
9714
9714
9714
9714
9714
9714
9714
9714
9716
9716
9716
9716
9717
9717
9717
9717
9717
9717
9717
9717
9717
9717
9717
9717
9717
9717
9717
9717
9717
9717
9717
9717
9717
9717
9717
9717
9717
9717
9717
9720
9720
9722
9722
9722
9722
9725
9725
9725
9725
9725
9725
9725
9725
9725
9725
9725
9725
9725
9725
9725
9725
9725
9725
