8151
8212
8213
8213
8267
8267
8267
8267
8322
8322
8325
8332
8422
8422
8422
8424
8427
8430
8471
8471
8480
8514
8525
8525
8552
8554
8556
8588
8604
8617
8659
8660
8663
8663
8692
8692
8693
8693
8733
8735
8738
8738
8739
8742
8742
8772
8772
8796
8803
8803
8803
8803
8826
8829
8829
8858
8859
8859
8859
8859
8859
8859
8883
8883
8883
8883
8883
8883
8883
8883
8883
8883
8964
8964
8964
8964
8964
8964
8981
8981
8981
8981
8981
8981
8981
8981
8981
8981
8981
8998
8998
8998
8998
9014
9014
9014
9015
9018
9020
9022
9023
9023
9023
9023
9023
9023
9023
9023
9023
9023
9023
9023
9023
9023
9023
9023
9023
9023
9023
9023
9023
9023
9023
9023
9023
9023
9023
9023
9023
9023
9023
9023
