8151
8289
8290
8293
8293
8315
8316
8428
8457
8480
8480
8480
8480
8541
8742
8744
8747
8747
8748
8748
8750
8750
8750
8750
8762
8762
8851
8851
8854
8854
8856
8859
8945
8945
8945
8946
9048
9077
9077
9118
9152
9153
9155
9155
9332
9332
9332
9335
9338
9339
9341
9341
9341
9342
9345
9345
9345
9345
9345
9345
9345
9345
9345
9345
9345
9345
9345
9345
9345
9345
9414
9417
9417
9417
9426
9428
9428
9428
9428
9461
9461
9461
9461
9461
9461
9461
9461
9487
9487
9487
9487
9487
9487
9487
9487
9487
9501
9501
9501
9503
9503
9503
9503
9503
9503
9503
9503
9503
9503
9503
9503
9503
9503
9503
9503
9503
9503
9503
9503
9503
9503
9503
9503
9503
9503
9503
9503
9503
9503
9503
9503
9503
9503
9503
