8151
8207
8223
8223
8255
8283
8314
8387
8389
8459
8459
8460
8520
8543
8560
8595
8595
8595
8595
8657
8657
8658
8861
8861
8861
8861
8861
8864
8883
8883
8884
8885
8927
8928
8929
8978
9005
9005
9087
9088
9113
9141
9146
9150
9150
9432
9432
9432
9434
9434
9434
9434
9434
9437
9440
9440
9440
9442
9442
9442
9442
9442
9442
9442
9442
9442
9442
9442
9442
9442
9442
9442
9442
9442
9442
9442
9442
9457
9457
9457
9457
9457
9457
9457
9457
9462
9462
9464
9466
9466
9466
9466
9466
9466
9466
9466
9472
9472
9472
9473
9474
9477
9479
9482
9483
9483
9486
9486
9486
9486
9486
9486
9486
9486
9486
9486
9486
9486
9486
9486
9486
9486
9486
9486
9486
9486
9486
9486
9486
9486
9486
9486
9486
9486
9486
9486
9486
