8151
8156
8190
8246
8246
8249
8252
8285
8285
8285
8285
8298
8327
8330
8375
8375
8377
8405
8406
8426
8426
8426
8428
8428
8451
8472
8475
8512
8542
8542
8544
8544
8544
8579
8587
8590
8618
8618
8641
8649
8649
8649
8651
8657
8689
8689
8716
8717
8717
8749
8751
8751
8751
8774
8774
8774
8774
8774
8774
8774
8774
8774
8774
8774
8774
8817
8817
8820
8831
8831
8831
8831
8831
8831
8831
8831
8831
8909
8910
8910
8912
8912
8912
8912
8912
8912
8912
8912
8912
8912
8912
8912
8912
8920
8920
8920
8920
8920
8920
8920
8922
8922
8922
8922
8922
8922
8922
8922
8922
8922
8922
8922
8922
8922
8922
8922
8922
8922
8922
8922
8922
8922
8922
8922
8922
8922
8922
8922
8922
8922
8922
8922
8922
8922
8922
8922
8922
8922
8922
8922
