8151
8252
8343
8364
8367
8367
8369
8369
8404
8463
8466
8542
8542
8543
8544
8635
8903
8905
8908
8908
8908
8911
8912
8912
8914
8914
8914
8917
8917
8920
8920
8957
8960
8966
9020
9128
9131
9131
9133
9145
9145
9148
9148
9158
9158
9256
9258
9271
9335
9335
9335
9338
9345
9352
9367
9367
9405
9427
9427
9427
9478
9478
9478
9478
9478
9478
9478
9478
9478
9478
9478
9478
9478
9478
9478
9478
9478
9546
9546
9546
9546
9546
9546
9546
9546
9603
9603
9603
9603
9603
9603
9603
9603
9603
9603
9604
9604
9604
9604
9604
9604
9604
9604
9604
9604
9604
9604
9604
9604
9604
9604
9604
9604
9604
9604
9604
9604
9604
9604
9604
9604
9604
9604
9604
9604
9604
9604
9604
9604
9604
9604
9604
9604
