8151
8236
8236
8239
8288
8290
8290
8292
8295
8296
8298
8299
8302
8325
8326
8326
8333
8334
8334
8335
8338
8339
8341
8341
8342
8342
8375
8376
8406
8406
8406
8406
8406
8442
8445
8445
8446
8446
8483
8483
8483
8483
8484
8492
8495
8495
8496
8531
8544
8544
8578
8578
8580
8619
8632
8634
8634
8637
8637
8665
8667
8667
8742
8747
8760
8760
8760
8760
8760
8760
8763
8806
8836
8836
8857
8898
8898
8899
9121
9121
9124
9124
9125
9125
9125
9125
9125
9128
9128
9128
9129
9130
9130
9130
9130
9133
9146
9146
9146
9221
9221
9221
9221
9222
9222
9223
9223
9223
9226
9226
9226
9230
9230
9230
9235
9237
9237
9237
9237
9237
9237
9237
9237
9239
9241
9241
9241
9241
9241
9242
9242
9242
9242
9247
9247
9247
9247
9250
9250
9250
9252
9255
9255
9255
9257
9260
9261
9261
9261
9261
9264
9265
9265
9265
9265
9265
9265
9265
9265
9265
9265
9265
9265
9265
9265
9265
9265
9265
9265
9265
9265
9265
9265
9265
9265
9265
9265
9265
9265
9265
9265
9265
9265
9265
9265
9265
9265
9265
9265
9265
9265
9265
9265
9265
9265
9265
9265
9265
9265
9265
9265
9265
9265
9265
9265
9265
9265
9265
9265
9265
9265
9265
