8151
8194
8204
8229
8229
8229
8229
8233
8272
8275
8279
8316
8319
8361
8379
8380
8380
8380
8380
8414
8446
8459
8481
8487
8489
8500
8500
8569
8569
8569
8569
8569
8594
8594
8605
8629
8631
8651
8651
8661
8663
8664
8672
8672
8674
8719
8721
8743
8745
8748
8773
8775
8775
8778
8809
8810
8813
8813
8813
8813
8818
8818
8818
8818
8818
8818
8818
8818
8818
8818
8818
8818
8818
8818
8818
8897
8897
8897
8897
8897
8897
8897
8897
8927
8927
8927
8927
8927
8927
8927
8927
8927
8932
8933
8935
8935
8935
8935
8937
8939
8942
8942
8942
8942
8942
8942
8942
8944
8947
8947
8947
8948
8948
8948
8950
8950
8950
8950
8950
8950
8953
8953
8953
8953
8953
8953
8953
8953
8953
8953
8953
8954
8954
8954
8954
8954
8954
8954
8954
