8151
8181
8217
8237
8238
8281
8284
8286
8308
8308
8354
8355
8358
8361
8361
8361
8402
8402
8456
8470
8493
8574
8574
8574
8574
8574
8576
8580
8580
8580
8580
8620
8784
8784
8784
8784
8787
8787
8787
8787
8787
8789
8792
8792
8800
8800
8827
8829
8829
8831
8833
8860
8860
8882
8882
8882
8882
8882
8882
8888
8888
8911
8913
8914
8914
8935
8938
8938
8938
8938
8938
8938
9020
9020
9020
9023
9023
9026
9029
9029
9029
9029
9029
9034
9034
9034
9034
9034
9034
9034
9034
9034
9034
9034
9034
9034
9039
9039
9039
9039
9039
9039
9039
9039
9039
9039
9039
9039
9039
9039
9039
9039
9039
9039
9039
9039
9039
9039
9039
9039
9039
9039
9039
9039
9039
9039
9039
9039
9039
9039
9039
9039
9039
9039
9039
