8151
8179
8275
8275
8278
8301
8303
8306
8331
8331
8414
8414
8417
8417
8419
8420
8420
8472
8493
8493
8494
8495
8777
8777
8777
8777
8780
8780
8780
8780
8863
8866
8866
8866
8866
8869
8869
8871
8871
8872
8872
8872
8872
8875
8875
8875
8877
8877
8879
8881
8881
8881
8881
8920
8920
8936
8941
8978
8978
8978
8979
8980
8993
9153
9153
9153
9155
9156
9156
9159
9159
9169
9171
9171
9171
9304
9304
9304
9304
9304
9304
9307
9308
9308
9331
9331
9331
9359
9360
9360
9362
9362
9362
9362
9365
9365
9367
9367
9367
9367
9367
9367
9367
9367
9367
9367
9426
9442
9442
9442
9466
9490
9490
9493
9493
9493
9493
9493
9534
9534
9534
9534
9534
9537
9540
9540
9540
9540
9540
9540
9540
9540
9540
9540
9540
9540
9540
9540
9540
9540
9540
9540
9660
9660
9660
9660
9660
9660
9660
9660
9660
9660
9660
9660
9660
9660
9660
9660
9660
9663
9664
9666
9667
9667
9667
9667
9667
9667
9667
9667
9667
9667
9667
9667
9667
9667
9667
9667
9667
9667
9667
9667
9667
9667
9667
9667
9667
9667
9667
9667
9667
9667
9667
9667
9667
9667
9667
9667
9667
9667
9667
9667
9667
9667
9667
9667
9667
9667
9667
9667
9667
9667
9667
9667
9667
9667
9667
9667
9667
