8151
8243
8246
8246
8246
8246
8252
8252
8252
8254
8256
8256
8258
8288
8288
8288
8289
8289
8364
8364
8367
8367
8370
8370
8370
8371
8372
8374
8374
8374
8374
8376
8376
8379
8379
8402
8404
8404
8406
8421
8442
8448
8450
8450
8450
8453
8481
8481
8481
8525
8525
8545
8545
8548
8550
8575
8595
8606
8611
8611
8611
8620
8620
8630
8675
8675
8677
8677
8701
8712
8712
8712
8739
8766
8780
8780
8792
8795
8795
8835
8847
8849
8849
8849
8849
8851
8851
8931
8932
8932
8932
8932
8932
8932
8932
8935
8935
8935
8935
8937
8937
8938
8938
8938
8955
8989
8991
8997
8998
9000
9000
9003
9003
9003
9023
9023
9023
9023
9023
9023
9025
9026
9026
9027
9031
9031
9049
9049
9049
9049
9049
9049
9051
9051
9051
9051
9051
9064
9064
9064
9064
9065
9065
9065
9065
9065
9065
9065
9065
9065
9065
9065
9065
9065
9065
9065
9065
9065
9065
9065
9065
9065
9065
9065
9065
9065
9065
9065
9065
9065
9065
9065
9065
9065
9065
9065
9065
9065
9065
9065
9065
9065
9065
9065
9065
9065
9065
9065
9065
9065
9065
9065
9065
9065
9065
9065
9065
9065
9065
9065
9065
9065
9065
