8151
8190
8215
8216
8216
8218
8220
8431
8431
8433
8436
8436
8436
8437
8440
8440
8440
8440
8440
8440
8440
8443
8443
8443
8443
8443
8443
8444
8447
8449
8452
8454
8454
8454
8456
8456
8456
8456
8456
8456
8456
8456
8456
8544
8544
8544
8544
8544
8544
8546
8547
8548
8551
8551
8551
8551
8561
8562
8562
8562
8564
8624
8629
8629
8629
8639
8808
8808
8810
8810
8813
8814
8814
8814
8814
8814
8814
8814
8815
8817
8817
8817
8820
8820
8820
8823
8825
8825
8825
8825
8832
8832
8832
8885
8885
8885
8885
8890
8890
8890
8890
8938
8953
8971
8971
8972
8986
8986
8989
8989
8990
8990
8992
8992
8992
9032
9033
9033
9033
9033
9033
9033
9074
9076
9079
9079
9079
9079
9081
9081
9084
9084
9084
9084
9084
9085
9085
9085
9085
9087
9087
9087
9087
9087
9090
9090
9092
9092
9092
9092
9095
9095
9095
9098
9098
9098
9098
9098
9098
9098
9098
9098
9098
9098
9098
9098
9098
9098
9098
9098
9098
9098
9098
9098
9098
9098
9098
9098
9098
9098
9098
9098
9098
9098
9098
9098
9098
9098
9098
9098
9098
9098
9098
9098
9098
9098
9098
9098
9098
9098
9098
9098
9098
9098
9098
9098
9098
9098
9098
9098
9098
9098
9098
9098
9098
9098
9098
