8151
8171
8196
8197
8200
8271
8271
8292
8298
8299
8299
8300
8300
8379
8382
8382
8382
8382
8382
8382
8383
8384
8386
8386
8386
8387
8387
8388
8389
8501
8501
8501
8501
8502
8502
8502
8502
8503
8503
8503
8503
8506
8509
8511
8513
8520
8522
8522
8523
8524
8545
8583
8696
8696
8696
8696
8696
8696
8699
8702
8702
8702
8747
8750
8750
8750
8750
8750
8785
8825
8825
9023
9026
9026
9029
9029
9029
9029
9032
9035
9036
9036
9036
9038
9038
9040
9040
9043
9044
9044
9050
9050
9052
9053
9053
9053
9053
9053
9053
9083
9085
9087
9087
9087
9087
9114
9117
9117
9117
9129
9144
9147
9147
9150
9151
9151
9161
9161
9161
9164
9164
9167
9167
9168
9168
9168
9179
9181
9181
9181
9181
9181
9186
9186
9186
9186
9194
9195
9195
9195
9195
9203
9204
9204
9204
9204
9204
9204
9204
9204
9204
9204
9204
9204
9204
9204
9205
9205
9205
9205
9205
9206
9206
9206
9206
9207
9207
9207
9207
9207
9207
9207
9207
9207
9207
9207
9207
9207
9207
9207
9207
9207
9207
9207
9207
9207
9207
9207
9207
9207
9207
9207
9207
9207
9207
9207
9207
9207
9207
9207
9207
9207
