8151
8250
8253
8273
8371
8373
8378
8378
8475
8558
8561
8561
8561
8563
8563
8599
8666
8666
8687
8687
8687
8791
8794
8795
8796
8797
8974
8988
8998
8998
9000
9084
9086
9086
9129
9181
9186
9502
9504
9506
9506
9508
9508
9508
9508
9546
9549
9549
9549
9552
9554
9555
9555
9555
9555
9555
9555
9555
9555
9555
9555
9555
9555
9555
9555
9555
9555
9591
9591
9591
9591
9591
9591
9591
9591
9591
9591
9591
9591
9591
9637
9638
9638
9638
9639
9639
9639
9654
9681
9681
9681
9681
9681
9685
9686
9686
9686
9686
9686
9686
9686
9686
9686
9686
9686
9686
9686
9686
9686
9686
9686
9686
9686
9686
9686
9686
9686
9686
9686
9686
9686
9686
9686
9686
9686
9686
9686
9686
9686
9686
