8151
8180
8201
8204
8229
8231
8233
8234
8259
8272
8281
8283
8286
8286
8349
8350
8352
8445
8445
8445
8445
8446
8446
8446
8454
8480
8483
8486
8486
8486
8489
8492
8508
8510
8531
8543
8544
8571
8580
8580
8581
8619
8619
8626
8628
8631
8633
8637
8647
8736
8736
8739
8739
8739
8739
8739
8740
8740
8740
8740
8743
8743
8743
8743
8745
8748
8748
8748
8748
8748
8756
8756
8756
8756
8756
8756
8756
8756
8756
8756
8756
8756
8756
8756
8817
8817
8817
8818
8818
8818
8818
8818
8818
8825
8825
8825
8825
8825
8825
8825
8829
8830
8833
8833
8834
8836
8836
8836
8836
8836
8838
8838
8841
8842
8842
8842
8844
8844
8844
8844
8844
8844
8844
8844
8844
8844
8844
8844
8844
8844
8844
8844
8844
8844
8844
8844
8844
8844
8844
8844
8844
