8151
8249
8286
8295
8295
8367
8367
8401
8404
8454
8454
8535
8535
8604
8622
8622
8624
8627
8630
8630
8754
8757
8757
8927
8928
8931
8931
8931
8964
8964
9022
9024
9024
9074
9077
9077
9077
9187
9193
9193
9195
9195
9196
9196
9231
9281
9281
9283
9327
9327
9330
9330
9407
9575
9575
9578
9578
9578
9578
9578
9578
9578
9578
9578
9578
9578
9578
9587
9587
9590
9592
9595
9595
9595
9595
9595
9595
9595
9595
9595
9595
9595
9595
9640
9640
9640
9640
9645
9645
9645
9645
9645
9645
9645
9645
9645
9652
9652
9652
9652
9655
9657
9660
9663
9663
9666
9666
9666
9666
9666
9667
9667
9667
9667
9667
9667
9667
9667
9667
9667
9667
9667
9667
9667
9667
9667
9667
9667
9667
9667
9667
9667
9667
9667
9667
9667
9667
9667
