8151
8253
8256
8256
8256
8259
8269
8272
8272
8273
8273
8273
8276
8276
8276
8277
8277
8279
8298
8329
8332
8332
8428
8429
8429
8432
8432
8434
8434
8437
8437
8437
8439
8442
8444
8444
8457
8457
8463
8463
8485
8485
8486
8516
8516
8516
8517
8519
8519
8519
8519
8519
8589
8589
8589
8589
8592
8626
8626
8694
8694
8697
8705
8743
8746
8765
8765
8768
8768
8787
8788
8788
8967
8967
8967
8967
8969
8969
8972
8975
8975
8978
8980
8981
8981
8982
8982
8982
8982
8984
8984
8984
8984
8984
9000
9001
9040
9042
9045
9045
9074
9074
9084
9084
9088
9091
9108
9108
9108
9137
9139
9140
9179
9179
9179
9179
9179
9179
9181
9184
9184
9184
9189
9192
9192
9192
9194
9194
9195
9195
9195
9197
9197
9197
9197
9200
9200
9200
9201
9201
9201
9201
9201
9201
9201
9201
9201
9201
9201
9201
9201
9201
9201
9201
9201
9201
9201
9201
9201
9201
9201
9201
9201
9201
9201
9201
9201
9201
9201
9201
9201
9201
9201
9201
9201
9201
9201
9201
9201
9201
9201
9201
9201
9201
9201
9201
9201
9201
9201
9201
9201
9201
9201
9201
9201
9201
9201
9201
9201
9201
9201
9201
9201
9201
9201
9201
