8151
8297
8300
8301
8302
8302
8305
8305
8354
8355
8356
8366
8416
8416
8433
8434
8435
8436
8436
8437
8438
8484
8484
8484
8572
8572
8573
8573
8593
8595
8598
8638
8638
8669
8678
8678
8678
8729
8731
8731
8733
8813
8813
8813
8813
8813
8813
8813
8823
8847
8905
8906
8906
8984
8984
8995
8995
8995
8997
8997
8997
9048
9084
9096
9117
9117
9117
9118
9118
9120
9152
9328
9331
9331
9334
9335
9335
9335
9336
9336
9337
9337
9338
9338
9341
9341
9341
9341
9341
9346
9346
9346
9346
9346
9346
9346
9346
9368
9368
9368
9368
9368
9449
9449
9449
9455
9455
9455
9455
9455
9455
9455
9455
9455
9636
9636
9636
9638
9641
9641
9642
9642
9642
9642
9642
9642
9643
9643
9643
9643
9643
9643
9643
9643
9643
9643
9643
9643
9643
9643
9643
9643
9643
9643
9643
9643
9643
9643
9643
9643
9643
9643
9643
9643
9643
9643
9643
9643
9643
9643
9643
9643
9643
9643
9643
9643
9643
9643
9643
9643
9643
9643
9643
9643
9643
9643
9643
9643
9643
9643
9643
9643
9643
9643
9643
9643
9643
9643
9643
9643
9643
9643
9643
9643
9643
9643
9643
9643
9643
9643
9643
9643
9643
9643
9643
9643
