1050
1524
1889
2137
2300
2434
2522
2571
2574
2574
2574
2574
2596
2596
2596
2596
2598
2598
2622
2625
2625
2632
2635
2635
2635
2652
2654
2657
2660
2660
2667
2667
2667
2684
2684
2687
2694
2694
2694
2707
2710
2710
2713
2713
2715
2729
2729
2735
2735
2743
2743
2746
2765
2828
2828
2831
2833
2835
2835
2835
2835
2835
2835
2836
2839
2840
2841
2842
2842
2842
2842
2842
2843
2843
2843
2844
2846
2846
2846
2846
2846
2849
2849
2851
2853
2853
2853
2853
2853
2853
2853
2853
2853
2855
2855
2886
2886
2886
2886
2886
2887
2887
2887
2887
2887
2887
2887
2887
2887
2887
2887
2887
2887
2887
2887
2887
2887
2887
2887
2887
2887
2887
2887
2887
2887
2887
2887
2887
2887
2887
2887
2887
2887
2887
2887
2887
2887
2887
2887
2887
2887
2887
2887
2887
2887
2887
2887
2887
2887
2887
2887
2887
2887
2887
2887
2887
2887
2887
2887
2887
2887
2887
2887
2887
2887
2887
2887
2887
2887
2887
2887
2887
2887
2887
2887
2887
2887
2887
2887
2887
2887
2887
2887
2887
2887
2887
2887
2887
2887
2887
