1050
1524
1889
2137
2300
2434
2522
2538
2538
2538
2539
2572
2574
2625
2625
2625
2625
2626
2626
2628
2628
2628
2630
2633
2636
2636
2636
2638
2639
2640
2641
2711
2711
2711
2718
2721
2722
2722
2723
2723
2723
2726
2726
2728
2728
2728
2728
2728
2728
2728
2728
2728
2731
2731
2731
2733
2735
2804
2805
2807
2808
2808
2810
2810
2810
2810
2812
2813
2813
2814
2814
2817
2817
2817
2817
2817
2818
2818
2818
2818
2818
2820
2820
2822
2822
2825
2825
2825
2825
2825
2826
2826
2826
2826
2826
2851
2853
2853
2853
2853
2853
2853
2853
2853
2853
2853
2853
2853
2853
2853
2853
2853
2853
2853
2853
2853
2853
2853
2853
2853
2853
2853
2853
2853
2853
2853
2853
2853
2853
2853
2853
2853
2853
2853
2853
2853
2853
2853
2853
2853
2853
2853
2853
2853
2853
2853
2853
2853
2853
2853
2853
2853
2853
2853
2853
2853
2853
2853
2853
2853
2853
2853
2853
2853
2853
2853
2853
2853
2853
2853
2853
2853
2853
2853
2853
2853
2853
2853
2853
2853
2853
2853
2853
2853
2853
2853
2853
2853
2853
2853
2853
2853
2853
2853
2853
2853
2853
2853
2853
2853
2853
2853
2853
2853
2853
2853
2853
2853
2853
2853
2853
2853
2853
2853
2853
2853
2853
2853
2853
2853
2853
2853
2853
2853
2853
2853
2853
2853
2853
2853
2853
2853
2853
2853
2853
2853
2853
2853
2853
2853
2853
2853
2853
2853
2853
2853
2853
2853
2853
2853
2853
2853
2853
2853
2853
2853
2853
2853
2853
2853
2853
2853
2853
2853
2853
2853
2853
2853
2853
2853
2853
