1050
1524
1889
2137
2300
2434
2522
2542
2543
2557
2557
2557
2557
2558
2558
2593
2593
2596
2596
2599
2602
2604
2604
2607
2607
2607
2607
2607
2607
2610
2610
2613
2613
2616
2618
2621
2621
2621
2624
2636
2638
2641
2642
2642
2642
2643
2643
2643
2646
2651
2651
2651
2651
2659
2662
2665
2694
2694
2694
2696
2696
2696
2696
2696
2696
2696
2706
2708
2709
2709
2712
2714
2715
2718
2718
2726
2729
2732
2737
2737
2737
2737
2737
2737
2748
2750
2750
2750
2750
2750
2750
2763
2763
2765
2765
2765
2767
2767
2767
2767
2768
2769
2769
2769
2770
2770
2770
2770
2771
2774
2775
2775
2776
2776
2776
2776
2776
2776
2776
2776
2776
2776
2776
2788
2788
2788
2788
2788
2788
2788
2788
2788
2788
2788
2788
2788
2788
2788
2788
2788
2788
2788
2788
2788
2788
2788
2788
2788
2788
2788
2788
2788
2788
2788
2788
2788
2788
2788
2788
2788
2788
2788
2788
2788
2788
2788
2788
2788
2788
2788
2788
2788
2788
2788
2788
2788
2788
2788
2788
2788
2788
2788
2788
2788
2788
2788
2788
2788
2788
2788
2788
2788
2788
2788
2788
2788
2788
2788
2788
2788
2788
2788
2788
2788
2788
2788
2788
2788
2788
2788
2788
2788
2788
2788
2788
2788
2788
2788
2788
2788
2788
2788
2788
2788
2788
2788
2788
2788
2788
2788
2788
2788
2788
2788
2788
2788
2788
2788
2788
2788
2788
2788
2788
2788
2788
2788
2788
2788
2788
2788
2788
2788
2788
2788
2788
2788
2788
2788
2788
2788
2788
2788
2788
2788
2788
2788
2788
2788
2788
2788
2788
2788
2788
2788
2788
2788
2788
2788
