1050
1524
1889
2137
2300
2434
2522
2541
2594
2594
2597
2597
2599
2600
2600
2600
2603
2603
2604
2604
2604
2606
2606
2606
2609
2612
2612
2612
2612
2612
2613
2613
2613
2613
2614
2614
2614
2614
2676
2678
2678
2678
2678
2678
2679
2679
2681
2681
2682
2682
2682
2682
2685
2685
2685
2685
2685
2686
2686
2688
2689
2692
2692
2692
2693
2695
2698
2698
2700
2702
2702
2702
2703
2703
2703
2705
2706
2706
2709
2709
2711
2785
2785
2785
2785
2785
2788
2791
2791
2791
2791
2791
2792
2792
2792
2792
2792
2792
2792
2794
2794
2812
2814
2814
2814
2814
2814
2817
2817
2817
2817
2817
2819
2819
2820
2822
2824
2827
2827
2828
2830
2832
2832
2832
2832
2832
2835
2838
2838
2838
2840
2840
2840
2840
2840
2840
2840
2840
2840
2840
2846
2846
2846
2846
2846
2848
2848
2848
2850
2850
2850
2850
2850
2851
2851
2851
2851
2851
2855
2855
2855
2859
2860
2860
2860
2860
2860
2860
2860
2860
2862
2862
2864
2864
2864
2865
2865
2865
2865
2865
2865
2911
2911
2911
2911
2911
2911
2911
2916
2916
2916
2916
2916
2916
2920
2920
2923
2924
2924
2924
2927
2927
2930
2930
2931
2933
2936
2936
2936
2936
2936
2936
2936
2936
2941
2941
2941
2941
2941
2941
2941
2941
2941
2941
2941
2941
2941
2941
2941
2941
2941
2941
2941
2941
2941
2941
2941
2941
2941
2941
2941
2941
2941
2941
2941
2941
2941
2941
2941
2941
2941
2941
2941
2941
2941
2941
2941
2941
2941
2941
2941
2941
2941
2941
2941
2941
2941
2941
2941
2941
2941
2941
2941
2941
2941
2941
2941
2941
2941
2941
2941
2941
2941
2941
2941
2941
2941
2941
2941
2941
2941
2941
2941
2941
2941
2941
2941
2941
2941
2941
2941
2941
2941
2941
2941
2941
2941
2941
2941
