1062
1223
1223
1326
1360
1469
1469
1521
1521
1571
1571
1612
1614
1614
1614
1615
1615
1615
1615
1652
1652
1652
1652
1652
1652
1655
1655
1658
1659
1659
1659
1661
1661
1661
1662
1662
1665
1665
1667
1669
1669
1673
1673
1675
1675
1675
1675
1675
1675
1675
1676
1676
1676
1677
1677
1680
1680
1684
1684
1684
1684
1687
1689
1689
1689
1692
1692
1695
1709
1709
1709
1710
1710
1710
1710
1729
1742
1742
1755
1755
1755
1755
1755
1755
1755
1768
1768
1768
1769
1769
1789
1791
1791
1794
1799
1799
1799
1800
1800
1800
1800
1801
1801
1801
1801
1801
1804
1804
1804
1833
1833
1833
1855
1855
1861
1861
2030
2030
2030
2030
2031
2031
2031
2031
2034
2034
2034
2034
2034
2034
2034
2034
2036
2036
2036
2036
2042
2042
2042
2042
2042
2045
2045
2047
2047
2047
2047
2047
2047
2047
2047
2047
2050
2050
2050
2050
2050
2050
2051
2053
2053
2053
2053
2053
2053
2053
2053
2053
2053
2071
2071
2071
2071
2071
2071
2080
2080
2081
2081
2081
2088
2088
2088
2088
2088
2089
2089
2089
2089
2089
2107
2109
2117
2117
2117
2117
2117
2117
2183
2183
2183
2183
2186
2186
2189
2189
2189
2189
2191
2260
2260
2260
2260
2260
2271
2271
2272
2272
2272
2273
2273
2273
2275
2275
2277
2277
2277
2277
2278
2281
2283
2283
2284
2285
2285
2285
2285
2286
2286
2289
2289
2289
2289
2289
2289
2289
2290
2292
2294
2296
2299
2299
2300
2303
2311
2311
2311
2311
2311
2311
2311
2311
2331
2331
2331
2331
2333
2334
2349
2349
2351
2351
2353
2353
2356
2358
2358
2358
2358
2359
2359
2362
2362
2369
2370
2373
2373
2373
2373
2376
2376
2376
2380
2380
2380
2380
2380
2380
2380
2380
