1050
1524
1889
2137
2300
2434
2522
2562
2580
2582
2582
2583
2585
2601
2602
2602
2602
2639
2642
2642
2643
2643
2643
2643
2643
2643
2646
2648
2656
2661
2661
2663
2663
2665
2665
2727
2782
2782
2784
2787
2789
2792
2792
2792
2794
2794
2794
2796
2796
2796
2796
2796
2799
2799
2799
2799
2799
2800
2800
2800
2802
2805
2816
2819
2819
2827
2829
2831
2834
2843
2844
2844
2857
2857
2884
2884
2886
2886
2886
2886
2886
2890
2892
2892
2892
2894
2903
2904
2912
2912
2913
2913
2913
2913
2916
2916
2916
2916
2929
2949
2949
2950
2952
2954
2954
2957
2957
2959
2959
2959
2960
2960
2963
2963
2963
2964
2964
2964
2964
2964
2964
2964
2964
2964
2964
2964
2964
2964
2964
2964
2964
2964
2964
2964
2964
2964
2964
2964
2964
2964
2964
2964
2964
2964
2964
2964
2964
2964
2964
2964
2964
2964
2964
2964
2964
2964
2964
2964
2964
2964
2964
2964
2964
2964
2964
2964
2964
2964
2964
2964
2964
2964
2964
2964
2964
2964
2964
2964
2964
2964
2964
2964
2964
2964
2964
2964
2964
2964
2964
2964
2964
2964
2964
2964
2964
2964
2964
2964
2964
2964
2964
2964
2964
2964
2964
2964
2964
2964
2964
2964
2964
2964
2964
2964
2964
2964
2964
2964
2964
2964
2964
2964
2964
2964
2964
2964
2964
2964
2964
2964
2964
2964
2964
2964
2964
2964
2964
2964
2964
2964
2964
2964
2964
2964
2964
2964
2964
2964
2964
2964
2964
2964
2964
2964
2964
2964
2964
2964
2964
2964
2964
2964
2964
2964
2964
2964
2964
2964
2964
2964
2964
