1050
1524
1889
2137
2300
2434
2522
2556
2574
2574
2595
2597
2599
2710
2710
2710
2711
2711
2712
2712
2713
2715
2715
2716
2716
2719
2719
2721
2721
2721
2723
2723
2723
2723
2753
2753
2754
2755
2755
2755
2756
2759
2761
2761
2761
2764
2764
2766
2766
2769
2769
2769
2772
2772
2772
2862
2865
2865
2866
2866
2866
2866
2869
2869
2870
2870
2871
2871
2871
2871
2871
2874
2877
2877
2878
2878
2878
2878
2880
2882
2882
2883
2884
2884
2884
2884
2884
2884
2886
2886
2886
2886
2889
2889
2889
2889
2889
2889
2889
2889
2889
2889
2895
2895
2895
2898
2900
2900
2900
2900
2900
2900
2900
2902
2902
2902
2902
2902
2902
2902
2902
2902
2902
2902
2902
2902
2902
2902
2902
2902
2902
2902
2902
2902
2902
2902
2902
2902
2902
2902
2902
2902
2902
2902
2902
2902
2902
2902
2902
2902
2902
2902
2902
2902
2902
2902
2902
2902
2902
2902
2902
2902
2902
2902
2902
2902
2902
2902
2902
2902
2902
2902
2902
2902
2902
2902
2902
2902
2902
2902
2902
2902
2902
2902
2902
2902
2902
2902
2902
2902
2902
2902
2902
2902
2902
2902
2902
2902
2902
2902
2902
2902
2902
2902
2902
2902
2902
2902
