1062
1223
1223
1326
1360
1469
1469
1476
1665
1665
1668
1668
1668
1669
1678
1678
1680
1680
1680
1680
1680
1681
1684
1684
1684
1694
1698
1698
1699
1699
1699
1699
1699
1699
1699
1699
1701
1701
1701
1701
1701
1703
1717
1717
1720
1720
1723
1723
1795
1795
1798
1798
1798
1798
1798
1799
1799
1799
1799
1799
1802
1802
1802
1802
1803
1805
1805
1805
1805
1805
1805
1808
1808
1808
1808
1809
1809
1811
1811
1811
1811
1811
1812
1813
1813
1813
1816
1816
1816
1816
1817
1853
1853
1856
1856
1879
1879
1882
1882
1882
1882
1882
1893
1893
1893
2027
2027
2030
2030
2033
2033
2033
2036
2037
2038
2038
2038
2038
2038
2039
2040
2040
2040
2040
2040
2040
2041
2042
2042
2042
2042
2042
2049
2049
2049
2050
2050
2050
2050
2050
2051
2051
2051
2051
2056
2056
2057
2057
2057
2057
2057
2057
2057
2058
2058
2058
2058
2058
2060
2060
2080
2080
2080
2080
2080
2080
2080
2080
2102
2102
2102
2102
2102
2113
2154
2310
2310
2310
2310
2310
2310
2310
2310
2310
2316
2319
2319
2319
2320
2320
2320
2320
2321
2321
2324
2324
2324
2324
2324
2324
2324
2327
2330
2333
2335
2335
2406
2406
2406
2408
2408
2408
2408
2408
2408
2408
2408
2409
2409
2409
2409
2409
2409
2411
2411
2413
2415
2416
2416
2418
2418
2420
2420
2420
2420
2420
2420
2421
2421
2421
2421
2421
2423
2428
2428
2428
2430
2431
2431
2431
2446
2446
2471
2473
2473
2473
2473
2473
2474
2490
2490
2494
2495
2495
2496
2516
2518
2518
2518
2521
2521
2526
2528
2530
2538
2538
2541
2541
2541
2543
2543
2543
2546
2546
2549
2552
2560
2560
2563
2565
2565
2566
2566
2566
2566
2569
2569
2571
2571
2580
2580
2580
2580
2580
2580
2580
2580
