1050
1524
1889
2137
2300
2434
2522
2611
2626
2626
2631
2631
2631
2633
2633
2635
2635
2649
2649
2649
2651
2651
2653
2691
2693
2697
2697
2706
2708
2708
2735
2735
2735
2744
2747
2750
2750
2750
2752
2752
2774
2774
2796
2798
2801
2821
2821
2821
2830
2830
2840
2840
2840
2843
2843
2864
2864
2864
2864
2890
2892
2892
2921
2921
2921
2924
2926
2926
2929
2929
2929
2929
2938
2940
2941
2941
2941
2945
2952
2953
2953
2953
2955
2955
2955
2967
2970
2970
2970
2972
2972
2972
2972
2972
2977
2977
2977
2977
2977
2980
2980
2986
3008
3009
3009
3011
3013
3013
3013
3013
3013
3013
3013
3013
3013
3013
3013
3013
3013
3013
3013
3013
3013
3013
3013
3013
3013
3013
3013
3013
3013
3013
3013
3013
3013
3013
3013
3013
3013
3013
3013
3013
3013
3013
3013
3013
3013
3013
3013
3013
3013
3013
3013
3013
3013
3013
3013
3013
3013
3013
3013
3013
3013
3013
3013
3013
3013
3013
3013
3013
3013
3013
3013
3013
3013
3013
3013
3013
3013
3013
3013
