1050
1524
1889
2137
2300
2434
2522
2549
2550
2550
2557
2557
2557
2563
2563
2564
2571
2571
2571
2571
2574
2574
2576
2576
2576
2577
2577
2577
2593
2593
2595
2596
2596
2597
2600
2600
2601
2609
2610
2610
2616
2616
2619
2630
2630
2632
2633
2633
2634
2644
2644
2650
2650
2650
2659
2660
2660
2663
2668
2669
2669
2674
2676
2676
2677
2678
2680
2685
2689
2689
2689
2692
2697
2697
2762
2762
2762
2764
2764
2764
2764
2764
2764
2764
2764
2764
2764
2764
2764
2764
2764
2764
2764
2764
2764
2764
2764
2764
2764
2764
2764
2764
2764
2764
2764
2764
2764
2764
2764
2764
2764
2764
2764
2764
2764
2764
2764
2764
2764
2764
2764
2764
2764
2764
2764
2764
2764
2764
2764
2764
2764
2764
2764
2764
2764
2764
2764
2764
2764
2764
2764
2764
2764
2764
2764
2764
2764
2764
2764
2764
2764
2764
2764
2764
2764
2764
2764
2764
2764
2764
2764
2764
2764
2764
2764
2764
2764
2764
2764
2764
2764
2764
2764
2764
2764
2764
2764
2764
2764
2764
2764
2764
2764
2764
2764
2764
2764
2764
2764
2764
2764
2764
2764
2764
2764
2764
2764
2764
2764
2764
2764
2764
2764
2764
2764
2764
2764
2764
2764
2764
2764
2764
2764
2764
2764
2764
2764
2764
2764
2764
2764
2764
2764
2764
2764
2764
2764
2764
2764
2764
2764
2764
2764
2764
2764
2764
2764
2764
2764
2764
2764
2764
2764
2764
2764
2764
2764
2764
2764
2764
2764
2764
2764
2764
2764
2764
2764
2764
2764
2764
2764
2764
2764
2764
2764
2764
2764
2764
2764
2764
2764
2764
2764
2764
2764
2764
