1062
1223
1223
1326
1360
1469
1469
1516
1516
1616
1617
1617
1617
1617
1617
1617
1617
1620
1623
1626
1627
1628
1628
1628
1639
1641
1641
1642
1642
1645
1645
1645
1664
1664
1761
1761
1764
1764
1767
1767
1769
1769
1770
1770
1770
1931
1931
1931
1931
1933
1933
1934
1935
1935
1935
1935
1935
1935
1935
1935
1935
1935
1935
1938
1938
1939
1939
1940
1943
1943
1945
1947
1950
1953
1956
1957
1957
1957
1957
1960
1960
1960
1961
1961
1964
1965
1965
1986
1989
1991
1991
1991
1991
1994
1996
1996
1996
1999
2001
2001
2001
2001
2001
2001
2001
2001
2002
2004
2004
2005
2008
2011
2011
2011
2011
2012
2012
2012
2015
2015
2015
2015
2015
2015
2018
2019
2019
2019
2019
2019
2019
2019
2019
2019
2019
2019
2024
2024
2024
2024
2024
2024
2024
2033
2036
2036
2039
2039
2039
2039
2039
2039
2039
2041
2041
2041
2041
2041
2041
2042
2042
2042
2042
2042
2042
2048
2048
2048
2048
2048
2048
2191
2191
2191
2191
2196
2197
2197
2197
2197
2197
2197
2197
2259
2259
2259
2261
2261
2265
2265
2265
2265
2265
2265
2266
2266
2266
2266
2266
2272
2272
2272
2272
2272
2272
2272
2272
2279
2279
2280
2281
2281
2281
2285
2288
2288
2288
2288
2288
2288
2288
2288
2289
2289
2290
2291
2291
2293
2294
2295
2295
2296
2299
2299
2300
2300
2300
2303
2305
2305
2310
2310
2317
2317
2326
2328
2328
2328
2333
2333
2345
2345
2349
2349
2356
2356
2357
2357
2357
2357
2357
2358
2382
2382
2382
2382
2385
2385
2389
2393
2394
2394
2396
2397
2399
2412
2412
2412
2412
2412
2412
2412
2414
2417
2417
2419
2422
2424
2426
2426
2428
2430
2430
2431
2431
2431
2431
2431
2431
2431
2431
