1050
1524
1889
2137
2300
2434
2522
2562
2562
2563
2565
2568
2568
2569
2572
2572
2574
2574
2574
2581
2584
2584
2587
2587
2594
2628
2628
2628
2628
2628
2628
2628
2628
2628
2635
2635
2635
2635
2638
2638
2639
2640
2643
2644
2647
2648
2651
2651
2651
2652
2652
2652
2652
2677
2677
2677
2680
2683
2685
2685
2685
2685
2685
2685
2685
2688
2690
2690
2693
2695
2696
2696
2699
2699
2702
2703
2706
2706
2706
2709
2709
2709
2709
2709
2709
2709
2709
2709
2709
2710
2710
2710
2710
2710
2710
2716
2716
2716
2717
2717
2717
2717
2717
2717
2717
2717
2725
2725
2725
2725
2731
2731
2731
2731
2731
2731
2731
2747
2747
2747
2748
2748
2748
2748
2748
2749
2749
2749
2749
2749
2749
2749
2749
2749
2749
2749
2749
2749
2749
2749
2749
2749
2749
2749
2749
2749
2749
2749
2749
2749
2749
2749
2749
2749
2749
2749
2749
2749
2749
2749
2749
2749
2749
2749
2749
2749
2749
2749
2749
2749
2749
2749
2749
2749
2749
2749
2749
2749
2749
2749
2749
2749
2749
2749
2749
2749
2749
2749
2749
2749
2749
2749
2749
2749
2749
2749
2749
2749
2749
2749
2749
2749
2749
2749
2749
2749
2749
2749
2749
