1050
1524
1889
2137
2300
2434
2522
2626
2629
2630
2632
2632
2644
2644
2645
2648
2648
2651
2651
2651
2699
2702
2702
2702
2705
2708
2708
2726
2728
2728
2731
2731
2731
2731
2734
2734
2734
2738
2755
2769
2771
2771
2771
2822
2852
2855
2859
2862
2867
2867
2867
2902
2905
2906
2906
2906
2907
2910
2912
2913
2916
2916
2969
2969
3078
3078
3079
3079
3080
3080
3080
3083
3083
3083
3083
3083
3083
3083
3083
3083
3083
3083
3083
3083
3083
3083
3083
3083
3083
3083
3083
3083
3083
3083
3083
3083
3083
3083
3083
3083
3083
3083
3083
3083
3083
3083
3083
3083
3083
3083
3083
3083
3083
3083
3083
3083
3083
3083
3083
3083
3083
3083
3083
3083
3083
3083
3083
3083
3083
3083
3083
3083
3083
3083
3083
3083
3083
3083
3083
3083
3083
3083
3083
3083
3083
3083
3083
3083
3083
3083
3083
3083
3083
3083
3083
3083
3083
3083
3083
3083
3083
3083
3083
3083
3083
3083
3083
3083
3083
3083
3083
3083
3083
3083
3083
3083
3083
3083
3083
3083
3083
3083
3083
3083
