1050
1524
1889
2137
2300
2434
2522
2534
2544
2565
2565
2567
2588
2588
2588
2590
2591
2591
2591
2591
2591
2593
2595
2598
2598
2598
2598
2598
2598
2598
2603
2689
2689
2689
2689
2689
2689
2689
2690
2692
2693
2695
2697
2697
2697
2700
2702
2705
2705
2706
2709
2710
2712
2713
2716
2716
2716
2717
2717
2717
2718
2718
2718
2721
2721
2721
2721
2723
2723
2734
2760
2760
2760
2762
2762
2764
2801
2801
2803
2804
2807
2807
2807
2807
2807
2807
2807
2807
2807
2807
2807
2807
2807
2807
2807
2807
2807
2807
2807
2807
2807
2807
2807
2807
2807
2807
2807
2807
2807
2807
2807
2807
2807
2807
2807
2807
2807
2807
2807
2807
2807
2807
2807
2807
2807
2807
2807
2807
2807
2807
2807
2807
2807
2807
2807
2807
2807
2807
2807
2807
2807
2807
2807
2807
2807
2807
2807
2807
2807
2807
2807
2807
2807
2807
2807
2807
2807
2807
2807
2807
2807
2807
2807
2807
2807
2807
2807
2807
2807
2807
2807
2807
2807
2807
2807
2807
2807
2807
2807
2807
2807
2807
2807
2807
2807
2807
2807
2807
2807
2807
2807
2807
2807
2807
2807
2807
2807
2807
2807
2807
2807
2807
2807
2807
2807
2807
2807
2807
