1050
1524
1889
2137
2300
2434
2522
2581
2581
2584
2584
2584
2584
2584
2587
2686
2687
2690
2690
2691
2691
2691
2694
2695
2696
2696
2696
2699
2699
2699
2699
2702
2702
2703
2703
2703
2703
2706
2706
2708
2708
2708
2709
2709
2709
2712
2713
2713
2713
2714
2714
2714
2716
2716
2716
2719
2719
2719
2721
2724
2724
2727
2730
2733
2736
2736
2736
2738
2740
2743
2746
2746
2749
2749
2749
2751
2754
2755
2755
2755
2755
2755
2755
2757
2757
2758
2758
2758
2758
2759
2759
2759
2759
2759
2759
2759
2759
2759
2759
2762
2764
2764
2764
2764
2765
2765
2765
2765
2767
2767
2768
2771
2772
2772
2773
2773
2776
2777
2777
2777
2777
2777
2778
2778
2780
2780
2780
2782
2785
2785
2785
2785
2785
2785
2785
2785
2785
2785
2789
2789
2789
2789
2789
2789
2789
2789
2795
2795
2795
2795
2795
2795
2795
2795
2795
2795
2801
2801
2801
2801
2801
2806
2806
2806
2806
2806
2806
2806
2814
2814
2817
2817
2817
2817
2817
2817
2817
2888
2888
2888
2888
2888
2888
2888
2889
2891
2894
2894
2894
2894
2894
2894
2894
2894
2896
2896
2896
2896
2896
2896
2896
2896
2896
2896
2902
2902
2903
2903
2903
2903
2903
2903
2910
2910
2911
2914
2915
2915
2915
2915
2915
2915
2917
2918
2918
2918
2919
2919
2919
2919
2919
2919
2919
2919
2919
2919
2919
2919
2919
2919
2919
2919
2919
2919
2919
2919
2919
2919
2919
2919
2919
2919
2919
2919
2919
2919
2919
2919
2919
2919
2919
2919
2919
2919
2919
2919
2919
2919
2919
2919
2919
2919
2919
2919
2919
2919
2919
2919
2919
2919
2919
2919
2919
2919
2919
2919
2919
2919
2919
2919
2919
2919
2919
2919
2919
2919
2919
2919
2919
2919
2919
2919
2919
2919
2919
2919
2919
2919
