1050
1524
1889
2137
2300
2434
2522
2640
2641
2641
2641
2641
2641
2641
2662
2662
2664
2666
2679
2679
2679
2680
2685
2685
2685
2685
2685
2687
2716
2716
2716
2739
2739
2739
2739
2780
2780
2797
2797
2827
2828
2828
2828
2828
2828
2830
2830
2853
2853
2853
2853
2853
2856
2858
2858
2880
2880
2883
2887
2902
2905
2933
2950
2965
2965
2965
2967
2969
2972
2973
2973
2982
2982
2996
2999
3002
3004
3013
3013
3016
3016
3018
3018
3018
3018
3018
3020
3020
3020
3023
3023
3023
3032
3032
3032
3032
3032
3032
3035
3035
3037
3037
3037
3039
3048
3049
3051
3051
3051
3051
3051
3051
3051
3053
3053
3054
3054
3054
3054
3056
3056
3060
3064
3066
3066
3067
3067
3067
3071
3073
3073
3073
3073
3074
3074
3074
3077
3079
3079
3079
3079
3079
3079
3079
3079
3079
3079
3079
3079
3079
3079
3079
3079
3079
3079
3079
3079
3079
3079
3079
3079
3079
3079
3079
3079
3079
3079
3079
3079
3079
3079
3079
3079
3079
3079
3079
3079
3079
3079
3079
3079
3079
3079
3079
3079
3079
3079
3079
3079
