1050
1524
1889
2137
2300
2434
2522
2608
2608
2608
2611
2611
2611
2611
2612
2612
2612
2612
2614
2614
2615
2615
2615
2616
2619
2621
2623
2625
2626
2627
2627
2627
2627
2627
2629
2629
2629
2631
2634
2636
2638
2638
2640
2641
2641
2643
2643
2645
2648
2649
2649
2649
2649
2649
2649
2652
2652
2652
2652
2654
2654
2654
2656
2656
2658
2658
2727
2727
2727
2730
2732
2732
2732
2735
2735
2735
2735
2735
2735
2737
2737
2737
2737
2740
2740
2741
2743
2743
2743
2744
2744
2744
2744
2746
2746
2746
2746
2747
2747
2750
2773
2773
2773
2775
2777
2780
2780
2780
2780
2780
2780
2780
2780
2780
2780
2782
2785
2785
2787
2787
2789
2792
2794
2797
2799
2800
2800
2800
2800
2800
2800
2800
2800
2800
2801
2801
2801
2803
2803
2803
2803
2806
2806
2806
2808
2808
2808
2808
2808
2808
2808
2808
2888
2888
2888
2894
2894
2894
2894
2894
2894
2897
2900
2900
2904
2907
2907
2907
2907
2907
2912
2912
2912
2915
2915
2915
2915
2915
2915
2915
2923
2923
2923
2923
2923
2923
2923
2923
2960
2960
2960
2960
2960
2960
2965
2965
2965
2965
2966
2966
2966
2969
2969
2969
2969
2969
2974
2974
2976
2976
2976
2976
2976
2976
2976
2976
2976
2986
2986
2986
2986
2988
2990
2991
2992
2992
2992
2993
2993
2995
2995
2996
2996
2998
2998
3001
3001
3001
3001
3001
3001
3002
3002
3002
3002
3002
3002
3002
3002
3002
3002
3002
3002
3002
3002
3002
3002
3002
3002
3002
3002
3002
3002
3002
3002
3002
3002
3002
3002
3002
3002
3002
3002
3002
3002
3002
3002
3002
3002
3002
3002
3002
3002
3002
3002
3002
3002
3002
3002
3002
3002
3002
3002
3002
3002
3002
3002
3002
3002
3002
3002
3002
3002
3002
3002
3002
