1062
1223
1223
1326
1360
1469
1469
1663
1665
1668
1668
1668
1668
1669
1670
1673
1673
1675
1675
1675
1676
1679
1679
1912
1915
1916
1919
1920
1921
1921
1959
1959
1959
1961
1961
1964
1964
1964
1964
1966
1966
1967
1969
1969
1972
1972
1972
1972
1975
1975
1975
1975
1975
1975
1975
1975
1975
1978
1978
1979
2113
2116
2117
2117
2118
2120
2120
2122
2122
2123
2123
2126
2127
2127
2130
2133
2135
2136
2137
2137
2137
2137
2137
2140
2140
2142
2142
2142
2145
2148
2148
2148
2148
2148
2150
2151
2151
2151
2154
2154
2154
2154
2157
2159
2159
2159
2160
2160
2160
2160
2160
2160
2160
2160
2235
2237
2237
2237
2237
2239
2239
2242
2242
2242
2242
2242
2242
2242
2243
2243
2243
2247
2247
2247
2249
2249
2249
2252
2252
2253
2256
2256
2256
2256
2256
2256
2256
2256
2256
2256
2263
2263
2266
2266
2266
2266
2266
2266
2268
2268
2269
2269
2272
2274
2274
2274
2274
2275
2275
2277
2277
2279
2282
2282
2282
2282
2282
2282
2292
2292
2292
2293
2293
2293
2293
2293
2293
2293
2293
2367
2367
2367
2367
2367
2367
2371
2372
2372
2372
2372
2377
2377
2377
2377
2377
2377
2380
2380
2380
2380
2381
2381
2381
2382
2382
2382
2385
2385
2385
2385
2385
2385
2387
2390
2391
2391
2393
2396
2396
2396
2396
2396
2396
2398
2398
2398
2398
2400
2400
2400
2400
2412
2412
2420
2421
2422
2423
2423
2425
2426
2451
2453
2456
2468
2468
2468
2470
2470
2477
2479
2479
2479
2486
2486
2486
2486
2487
2498
2500
2501
2501
2501
2510
2511
2512
2513
2533
2535
2535
2538
2540
2542
2543
2546
2546
2546
2546
2549
2552
2552
2552
2555
2555
2555
2555
2555
2555
2555
2555
2555
2555
2555
