1062
1223
1223
1326
1360
1469
1469
1609
1609
1609
1612
1612
1612
1612
1614
1614
1614
1616
1616
1618
1618
1618
1618
1623
1626
1626
1628
1628
1628
1653
1656
1656
1657
1657
1657
1657
1657
1663
1664
1664
1665
1667
1667
1673
1673
1676
1679
1679
1681
1681
1683
1693
1693
1693
1693
1693
1693
1693
1702
1702
1709
1709
1711
1711
1711
1711
1713
1713
1713
1725
1725
1725
1728
1729
1730
1736
1736
1746
1746
1746
1755
1755
1755
1755
1755
1755
1755
1757
1759
1759
1759
1782
1782
1784
1787
1971
1971
1971
1973
1974
1975
1976
1976
1976
1976
1978
1979
1979
1979
1979
1979
1982
1985
1986
1986
1986
1986
1986
1986
1987
1987
1990
1990
1990
1990
1990
1990
1990
1990
1994
1994
1994
1995
1998
1998
1998
1998
1998
1998
1999
1999
2001
2001
2005
2005
2007
2007
2007
2007
2007
2007
2010
2011
2011
2011
2011
2011
2011
2011
2011
2011
2011
2048
2050
2050
2050
2050
2050
2050
2050
2050
2058
2058
2058
2059
2059
2059
2059
2061
2061
2061
2061
2063
2065
2065
2065
2081
2082
2082
2082
2098
2098
2098
2098
2098
2127
2127
2127
2131
2148
2148
2148
2148
2148
2148
2148
2148
2148
2148
2180
2180
2200
2200
2200
2200
2200
2200
2200
2200
2211
2211
2211
2211
2211
2212
2212
2212
2212
2212
2215
2215
2218
2218
2220
2220
2220
2236
2237
2245
2245
2245
2252
2252
2252
2253
2255
2255
2275
2275
2275
2277
2287
2289
2289
2291
2291
2299
2300
2306
2306
2306
2306
2306
2316
2319
2319
2319
2319
2319
2323
2339
2339
2339
2339
2351
2352
2354
2357
2357
2357
2360
2362
2362
2365
2365
2365
2365
2365
2368
2368
2368
2368
2372
2372
2374
2377
2377
2377
2377
2377
2378
2385
2385
2385
2385
2385
2385
2385
2385
