1050
1524
1889
2137
2300
2434
2522
2564
2567
2569
2574
2574
2574
2574
2575
2575
2575
2576
2576
2579
2579
2579
2579
2579
2581
2581
2581
2581
2581
2618
2618
2618
2619
2619
2620
2622
2622
2623
2625
2628
2628
2629
2630
2630
2630
2630
2630
2630
2632
2632
2632
2635
2635
2635
2637
2639
2639
2639
2639
2639
2641
2644
2644
2644
2644
2644
2644
2647
2647
2647
2648
2651
2651
2651
2652
2652
2654
2654
2655
2655
2657
2657
2657
2657
2657
2657
2657
2657
2657
2657
2658
2658
2658
2658
2658
2658
2658
2658
2658
2661
2664
2664
2664
2667
2667
2667
2667
2667
2668
2668
2668
2671
2671
2672
2672
2672
2673
2675
2675
2675
2675
2677
2679
2679
2679
2682
2682
2682
2682
2682
2682
2682
2682
2682
2682
2682
2726
2727
2729
2729
2729
2733
2733
2733
2733
2733
2733
2736
2736
2736
2736
2736
2736
2739
2739
2739
2739
2744
2745
2745
2745
2745
2745
2745
2745
2751
2751
2754
2754
2754
2756
2756
2758
2759
2759
2762
2762
2762
2762
2764
2765
2765
2765
2765
2768
2768
2768
2768
2768
2769
2769
2769
2769
2772
2772
2772
2772
2772
2772
2772
2772
2772
2797
2798
2798
2798
2798
2798
2798
2798
2798
2802
2802
2802
2802
2802
2802
2802
2802
2802
2802
2802
2802
2802
2802
2802
2802
2802
2802
2802
2802
2802
2802
2802
2802
2802
2802
2802
2802
2802
2802
2802
2802
2802
2802
2802
2802
2802
2802
2802
2802
2802
2802
2802
2802
2802
2802
2802
2802
2802
2802
2802
2802
2802
2802
2802
2802
2802
2802
2802
2802
2802
2802
2802
2802
2802
2802
2802
2802
2802
2802
2802
2802
2802
2802
2802
2802
2802
2802
2802
2802
2802
2802
2802
2802
2802
2802
2802
2802
2802
2802
2802
2802
2802
