1050
1524
1889
2137
2300
2434
2522
2542
2564
2608
2608
2608
2608
2608
2613
2613
2692
2692
2692
2692
2692
2703
2703
2703
2704
2707
2707
2707
2709
2710
2710
2710
2710
2710
2711
2712
2712
2712
2714
2716
2717
2717
2720
2720
2744
2747
2748
2748
2748
2748
2749
2749
2763
2763
2766
2766
2766
2794
2794
2795
2795
2798
2799
2799
2801
2801
2801
2841
2844
2844
2846
2847
2847
2847
2847
2858
2858
2858
2864
2864
2874
2877
2878
2881
2883
2883
2883
2883
2883
2883
2883
2883
2942
2942
2942
2942
2947
2947
2947
2947
2947
2947
2947
2949
2949
2949
2949
2949
2949
2949
2949
2949
2949
2949
2949
2949
2949
2949
2949
2949
2949
2949
2949
2949
2949
2949
2949
2949
2949
2949
2949
2949
2949
2949
2949
2949
2949
2949
2949
2949
2949
2949
2949
2949
2949
2949
2949
2949
2949
2949
2949
2949
2949
2949
2949
2949
2949
2949
2949
2949
2949
2949
2949
2949
2949
2949
2949
2949
2949
2949
2949
2949
2949
2949
2949
2949
2949
2949
2949
2949
2949
2949
2949
2949
2949
2949
2949
2949
2949
2949
2949
2949
2949
2949
2949
2949
2949
2949
2949
2949
2949
2949
