1050
1524
1889
2137
2300
2434
2522
2573
2573
2579
2579
2579
2579
2579
2579
2599
2601
2601
2609
2609
2609
2609
2622
2624
2624
2627
2627
2629
2653
2653
2654
2654
2656
2656
2657
2657
2657
2676
2676
2720
2723
2724
2725
2727
2727
2727
2728
2729
2729
2731
2731
2731
2731
2731
2731
2743
2745
2745
2749
2751
2759
2760
2760
2769
2769
2773
2788
2788
2788
2791
2794
2796
2799
2802
2802
2802
2917
2917
2917
2918
2919
2919
2919
2921
2921
2922
2923
2924
2924
2925
2925
2925
2925
2925
2925
2925
2925
2925
2925
2925
2925
2925
2925
2925
2925
2925
2925
2925
2925
2925
2925
2925
2925
2925
2925
2925
2925
2925
2925
2925
2925
2925
2925
2925
2925
2925
2925
2925
2925
2925
2925
2925
2925
2925
2925
2925
2925
2925
2925
2925
2925
2925
2925
2925
2925
2925
2925
2925
2925
2925
2925
2925
2925
2925
2925
2925
2925
2925
2925
2925
2925
2925
2925
2925
2925
2925
2925
2925
2925
2925
2925
2925
2925
2925
2925
2925
2925
2925
2925
2925
2925
2925
2925
2925
2925
2925
2925
2925
2925
2925
2925
2925
2925
2925
2925
2925
2925
2925
2925
2925
2925
2925
2925
2925
2925
2925
2925
2925
2925
2925
2925
2925
2925
2925
2925
2925
2925
2925
2925
2925
2925
2925
2925
2925
2925
2925
2925
2925
2925
2925
2925
2925
2925
2925
2925
2925
2925
2925
2925
2925
2925
2925
2925
2925
2925
2925
2925
2925
2925
2925
2925
2925
2925
2925
2925
2925
2925
2925
2925
2925
2925
2925
2925
2925
2925
2925
2925
2925
2925
2925
2925
2925
2925
2925
2925
2925
2925
2925
2925
2925
