1050
1524
1889
2137
2300
2434
2522
2549
2576
2576
2576
2576
2578
2578
2579
2579
2579
2579
2581
2590
2593
2593
2593
2594
2594
2594
2594
2594
2594
2594
2594
2595
2595
2596
2597
2600
2603
2623
2623
2623
2625
2627
2627
2629
2629
2629
2629
2629
2631
2633
2636
2636
2639
2641
2644
2646
2646
2646
2646
2647
2647
2647
2650
2650
2653
2656
2656
2656
2659
2660
2660
2661
2661
2663
2663
2663
2663
2665
2665
2665
2665
2668
2668
2670
2673
2673
2673
2673
2676
2712
2712
2712
2712
2712
2712
2712
2714
2716
2717
2717
2719
2719
2719
2721
2724
2726
2726
2726
2728
2729
2729
2729
2729
2732
2734
2734
2734
2736
2736
2736
2739
2742
2742
2744
2744
2747
2750
2750
2752
2754
2754
2754
2754
2754
2754
2754
2754
2761
2764
2764
2764
2766
2766
2766
2766
2768
2768
2768
2771
2772
2772
2772
2774
2830
2830
2830
2830
2835
2835
2835
2835
2835
2837
2837
2837
2837
2837
2837
2837
2837
2837
2837
2840
2842
2842
2844
2844
2844
2844
2844
2844
2848
2848
2852
2852
2852
2852
2852
2852
2854
2856
2856
2856
2858
2858
2858
2858
2858
2865
2865
2865
2870
2870
2870
2870
2877
2877
2877
2877
2877
2877
2877
2877
2877
2877
2877
2877
2877
2877
2877
2877
2877
2877
2877
2877
2877
2877
2877
2877
2877
2877
2877
2877
2877
2877
2877
2877
2877
2877
2877
2877
2877
2877
2877
2877
2877
2877
2877
2877
2877
2877
2877
2877
2877
2877
2877
2877
2877
2877
2877
2877
2877
2877
2877
2877
2877
2877
2877
2877
2877
2877
2877
2877
2877
2877
2877
2877
2877
2877
2877
2877
2877
2877
2877
2877
2877
2877
2877
2877
2877
2877
2877
2877
2877
2877
2877
2877
2877
2877
2877
2877
2877
2877
2877
2877
2877
2877
2877
2877
2877
