1050
1524
1889
2137
2300
2434
2522
2574
2574
2574
2576
2577
2588
2590
2590
2591
2591
2600
2600
2600
2601
2603
2611
2676
2679
2679
2682
2682
2682
2683
2685
2685
2688
2688
2689
2689
2689
2689
2691
2693
2693
2693
2693
2696
2696
2696
2696
2697
2697
2699
2699
2699
2699
2700
2700
2702
2702
2703
2703
2706
2706
2706
2707
2707
2708
2718
2719
2719
2722
2722
2796
2797
2797
2797
2800
2800
2800
2800
2800
2800
2800
2800
2800
2800
2800
2800
2800
2800
2800
2800
2800
2800
2800
2800
2800
2800
2800
2800
2800
2800
2800
2800
2800
2800
2800
2800
2800
2800
2800
2800
2800
2800
2800
2800
2800
2800
2800
2800
2800
2800
2800
2800
2800
2800
2800
2800
2800
2800
2800
2800
2800
2800
2800
2800
2800
2800
2800
2800
2800
2800
2800
2800
2800
2800
2800
2800
2800
2800
2800
2800
2800
2800
2800
2800
2800
2800
2800
2800
2800
2800
2800
2800
2800
2800
2800
2800
2800
2800
2800
2800
2800
2800
2800
2800
2800
2800
2800
2800
2800
2800
2800
2800
2800
2800
2800
2800
2800
2800
2800
2800
2800
2800
2800
2800
2800
2800
2800
2800
2800
2800
2800
2800
2800
