1050
1524
1889
2137
2300
2434
2522
2560
2587
2587
2619
2621
2621
2666
2666
2666
2666
2666
2667
2672
2672
2673
2676
2685
2704
2704
2704
2704
2705
2705
2705
2705
2747
2747
2747
2771
2771
2771
2773
2773
2773
2792
2795
2819
2819
2819
2821
2823
2854
2854
2854
2855
2856
2857
2928
2928
2928
2928
2929
2930
2931
2931
2934
2939
2939
2970
2970
2971
2971
2971
2972
2972
2972
2992
2992
2992
2992
2992
2992
2992
2992
2992
2995
3014
3015
3015
3015
3016
3016
3016
3026
3026
3032
3032
3032
3032
3032
3036
3036
3038
3040
3040
3040
3040
3040
3043
3043
3047
3047
3047
3047
3047
3052
3052
3052
3052
3058
3058
3059
3059
3059
3062
3062
3062
3064
3065
3067
3067
3070
3070
3070
3070
3071
3071
3071
3071
3072
3072
3072
3075
3075
3075
3075
3075
3075
3075
3075
3075
3075
3075
3075
3075
3075
3075
3075
3075
3075
3075
3075
3075
3075
3075
3075
3075
3075
3075
3075
3075
3075
3075
3075
3075
3075
3075
3075
3075
3075
3075
3075
3075
3075
3075
3075
3075
3075
3075
3075
3075
3075
3075
